1.030812382698059082e+00,-1.472589075565338135e-01,6.529515266418457031e+00
1.042102456092834473e+00,-1.471896022558212280e-01,6.526442050933837891e+00
9.379439353942871094e-01,-1.356774270534515381e-01,6.539117336273193359e+00
9.606339931488037109e-01,-1.355495750904083252e-01,6.532955646514892578e+00
1.017172455787658691e+00,-1.352310180664062500e-01,6.517601966857910156e+00
8.009325265884399414e-01,-1.192878186702728271e-01,6.296746253967285156e+00
8.562129735946655273e-01,-1.240032464265823364e-01,6.545655727386474609e+00
8.903815150260925293e-01,-1.238278970122337341e-01,6.536398887634277344e+00
9.584295153617858887e-01,-1.234786510467529297e-01,6.517963886260986328e+00
9.697335958480834961e-01,-1.234206408262252808e-01,6.514901638031005859e+00
8.428586125373840332e-01,-1.119882091879844666e-01,6.533682823181152344e+00
8.883372545242309570e-01,-1.117775291204452515e-01,6.521391868591308594e+00
8.996801972389221191e-01,-1.117250025272369385e-01,6.518326282501220703e+00
9.223341345787048340e-01,-1.116200536489486694e-01,6.512203693389892578e+00
9.675143957138061523e-01,-1.114107519388198853e-01,6.499992370605468750e+00
1.001288652420043945e+00,-1.112542971968650818e-01,6.490864753723144531e+00
1.046173572540283203e+00,-1.110463589429855347e-01,6.478733539581298828e+00
8.409242033958435059e-01,-9.997002035379409790e-02,6.518688201904296875e+00
9.877827763557434082e-01,-9.936276823282241821e-02,6.479091644287109375e+00
1.010218143463134766e+00,-9.926999360322952271e-02,6.473042488098144531e+00
7.699348926544189453e-01,-8.554831892251968384e-02,6.322074413299560547e+00
8.042479157447814941e-01,-8.555829524993896484e-02,6.322811126708984375e+00
8.389987945556640625e-01,-8.800687640905380249e-02,6.503762722015380859e+00
9.293854236602783203e-01,-8.767786622047424316e-02,6.479449272155761719e+00
1.085946559906005859e+00,-8.710801601409912109e-02,6.437336921691894531e+00
7.709985971450805664e-01,-7.424431294202804565e-02,6.330809116363525391e+00
8.053592443466186523e-01,-7.425297796726226807e-02,6.331548213958740234e+00
8.370820283889770508e-01,-7.609836757183074951e-02,6.488904476165771484e+00
8.483924865722656250e-01,-7.606277614831924438e-02,6.485869407653808594e+00
8.709816336631774902e-01,-7.599168270826339722e-02,6.479807376861572266e+00
8.822603225708007812e-01,-7.595619559288024902e-02,6.476780891418457031e+00
9.272701740264892578e-01,-7.581454515457153320e-02,6.464702606201171875e+00
9.609174728393554688e-01,-7.570865005254745483e-02,6.455673217773437500e+00
1.005634546279907227e+00,-7.556791603565216064e-02,6.443672657012939453e+00
1.027930855751037598e+00,-7.549775391817092896e-02,6.437689781188964844e+00
1.050185918807983398e+00,-7.542771846055984497e-02,6.431717872619628906e+00
1.083491086959838867e+00,-7.532290369272232056e-02,6.422780990600585938e+00
8.351740837097167969e-01,-6.424415856599807739e-02,6.474113941192626953e+00
9.699089527130126953e-01,-6.388621777296066284e-02,6.438043117523193359e+00
9.118806719779968262e-01,-5.227341130375862122e-02,6.438396453857421875e+00
9.230683445930480957e-01,-5.224915221333503723e-02,6.435408592224121094e+00
1.056515455245971680e+00,-5.195977166295051575e-02,6.399765968322753906e+00
8.538458943367004395e-01,-4.065933078527450562e-02,6.438749790191650391e+00
1.009917855262756348e+00,-4.039671644568443298e-02,6.397162914276123047e+00
7.292262315750122070e-01,-2.870969474315643311e-02,6.364993572235107422e+00
7.637674808502197266e-01,-2.871306426823139191e-02,6.365740299224853516e+00
8.098351955413818359e-01,-2.871756069362163544e-02,6.366736888885498047e+00
8.407136797904968262e-01,-2.899012528359889984e-02,6.427165508270263672e+00
8.854561448097229004e-01,-2.893647365272045135e-02,6.415270805358886719e+00
9.300332665443420410e-01,-2.888302132487297058e-02,6.403419971466064453e+00
9.522602558135986328e-01,-2.885637246072292328e-02,6.397511959075927734e+00
9.633583426475524902e-01,-2.884306572377681732e-02,6.394561290740966797e+00
1.007648587226867676e+00,-2.878995798528194427e-02,6.382787704467773438e+00
1.040759205818176270e+00,-2.875025384128093719e-02,6.373985290527343750e+00
8.388156294822692871e-01,-1.735480688512325287e-02,6.412654876708984375e+00
8.945962786674499512e-01,-1.731476746499538422e-02,6.397860527038574219e+00
1.038428902626037598e+00,-1.721152849495410919e-02,6.359713554382324219e+00
1.049422025680541992e+00,-1.720363833010196686e-02,6.356798171997070312e+00
8.480786085128784180e-01,-5.769241601228713989e-03,6.395258903503417969e+00
9.921302795410156250e-01,-5.734857171773910522e-03,6.357142925262451172e+00
7.231959700584411621e-01,5.785567685961723328e-03,6.413356304168701172e+00
7.680594921112060547e-01,5.774883087724447250e-03,6.401512622833251953e+00
7.792496085166931152e-01,5.772219039499759674e-03,6.398559093475341797e+00
8.015986680984497070e-01,5.766896530985832214e-03,6.392658710479736328e+00
8.461733460426330566e-01,5.756281316280364990e-03,6.380891799926757812e+00
8.905842900276184082e-01,5.745705217123031616e-03,6.369168281555175781e+00
9.237856268882751465e-01,5.737798754125833511e-03,6.360404014587402344e+00
9.348323941230773926e-01,5.735167767852544785e-03,6.357487201690673828e+00
9.679120182991027832e-01,5.727289710193872452e-03,6.348754882812500000e+00
1.000900983810424805e+00,5.719434004276990891e-03,6.340046405792236328e+00
7.215667366981506348e-01,1.731760054826736450e-02,6.398908138275146484e+00
8.775282502174377441e-01,1.720643602311611176e-02,6.357831954956054688e+00
8.885917067527770996e-01,1.719854958355426788e-02,6.354918003082275391e+00
8.202179074287414551e-01,2.867894619703292847e-02,6.358176708221435547e+00
9.745637178421020508e-01,2.849601767957210541e-02,6.317620277404785156e+00
7.629013061523437500e-01,4.015270248055458069e-02,6.358520984649658203e+00
8.073093891143798828e-01,4.007918760180473328e-02,6.346879482269287109e+00
8.405088186264038086e-01,4.002422839403152466e-02,6.338176250457763672e+00
9.176211953163146973e-01,3.989657387137413025e-02,6.317960739135742188e+00
9.285970926284790039e-01,3.987840563058853149e-02,6.315083503723144531e+00
8.606724143028259277e-01,5.129835754632949829e-02,6.318301200866699219e+00
8.826673030853271484e-01,5.125164985656738281e-02,6.312548637390136719e+00
9.265370965003967285e-01,5.115849152207374573e-02,6.301074028015136719e+00
