-1.481186628341674805e+00,2.421711832284927368e-01,6.243000507354736328e+00
-1.474890112876892090e+00,2.448659241199493408e-01,6.312469005584716797e+00
-1.468452095985412598e+00,2.476213127374649048e-01,6.383501529693603516e+00
-1.461867213249206543e+00,2.504394054412841797e-01,6.456149578094482422e+00
-1.375965476036071777e+00,2.657444179058074951e-01,6.546226024627685547e+00
-1.447053670883178711e+00,3.012234270572662354e-01,6.547235488891601562e+00
-1.429103851318359375e+00,3.024244606494903564e-01,6.573340415954589844e+00
-1.309471726417541504e+00,3.021857738494873047e-01,6.568152427673339844e+00
-1.469217419624328613e+00,3.006506562232971191e-01,6.288189888000488281e+00
-1.465997099876403809e+00,3.023262619972229004e-01,6.323235511779785156e+00
-1.459447622299194336e+00,3.057340979576110840e-01,6.394511699676513672e+00
-1.456117272377014160e+00,3.074670135974884033e-01,6.430756092071533203e+00
-1.449341893196105957e+00,3.109923899173736572e-01,6.504490375518798828e+00
-1.244394779205322266e+00,3.125730752944946289e-01,6.537551403045654297e+00
-1.480635046958923340e+00,3.049997389316558838e-01,6.147183418273925781e+00
-1.477549672126770020e+00,3.066612482070922852e-01,6.180670261383056641e+00
-1.303443551063537598e+00,3.243863880634307861e-01,6.537915706634521484e+00
-1.362498760223388672e+00,3.362010121345520020e-01,6.538280010223388672e+00
-1.421560645103454590e+00,3.480169177055358887e-01,6.538644313812255859e+00
-1.174539804458618164e+00,3.447654247283935547e-01,6.477553844451904297e+00
-1.233042836189270020e+00,3.564720451831817627e-01,6.477911949157714844e+00
-1.453761816024780273e+00,3.620039224624633789e-01,6.369598865509033203e+00
-1.447024941444396973e+00,3.661147356033325195e-01,6.441930294036865234e+00
-1.439883947372436523e+00,3.702558577060699463e-01,6.514794826507568359e+00
-1.377876043319702148e+00,3.693880438804626465e-01,6.499526023864746094e+00
-1.316158294677734375e+00,3.685243427753448486e-01,6.484328269958496094e+00
-1.291551947593688965e+00,3.681800067424774170e-01,6.478269577026367188e+00
-1.254728674888610840e+00,3.676646947860717773e-01,6.469202518463134766e+00
-1.193584918975830078e+00,3.668090105056762695e-01,6.454146385192871094e+00
-1.132725238800048828e+00,3.659573495388031006e-01,6.439161300659179688e+00
-1.471984982490539551e+00,3.610529005527496338e-01,6.157392978668212891e+00
-1.468847155570983887e+00,3.630230724811553955e-01,6.190991878509521484e+00
-1.462467551231384277e+00,3.670285344123840332e-01,6.259300708770751953e+00
-1.455945730209350586e+00,3.711234033107757568e-01,6.329135417938232422e+00
-1.350067853927612305e+00,3.798892199993133545e-01,6.478627204895019531e+00
-1.105955243110656738e+00,3.763722181320190430e-01,6.418648242950439453e+00
-1.445685625076293945e+00,3.921495378017425537e-01,6.488080978393554688e+00
-1.408590197563171387e+00,3.915998041629791260e-01,6.478985309600830078e+00
-1.163922429084777832e+00,3.879741132259368896e-01,6.418999195098876953e+00
-1.221895933151245117e+00,3.995773196220397949e-01,6.419351100921630859e+00
-1.279875755310058594e+00,4.111818075180053711e-01,6.419703006744384766e+00
-1.444752216339111328e+00,4.201868772506713867e-01,6.380563259124755859e+00
-1.435846447944641113e+00,4.243594408035278320e-01,6.443923473358154297e+00
-1.374521017074584961e+00,4.233756661415100098e-01,6.428985118865966797e+00
-1.325664997100830078e+00,4.225918948650360107e-01,6.417083263397216797e+00
-1.313479065895080566e+00,4.223963618278503418e-01,6.414113998413085938e+00
-1.252719283103942871e+00,4.214217066764831543e-01,6.399313926696777344e+00
-1.192239165306091309e+00,4.204514920711517334e-01,6.384581089019775391e+00
-1.084073901176452637e+00,4.187163710594177246e-01,6.358232975006103516e+00
-1.456890106201171875e+00,4.218793809413909912e-01,6.235429763793945312e+00
-1.453629016876220703e+00,4.242107868194580078e-01,6.269888877868652344e+00
-1.450331449508666992e+00,4.265680909156799316e-01,6.304729461669921875e+00
-1.444866061210632324e+00,4.352006316184997559e-01,6.432320117950439453e+00
-1.383630037307739258e+00,4.341935515403747559e-01,6.417434692382812500e+00
-1.141494154930114746e+00,4.302113354206085205e-01,6.358577728271484375e+00
-1.129503846168518066e+00,4.300141334533691406e-01,6.355662822723388672e+00
-1.465362548828125000e+00,4.257845878601074219e-01,6.129691123962402344e+00
-1.256353378295898438e+00,4.532051086425781250e-01,6.359267234802246094e+00
-1.313792467117309570e+00,4.647038877010345459e-01,6.359612464904785156e+00
-1.371237754821777344e+00,4.762039184570312500e-01,6.359958171844482422e+00
-1.119483947753906250e+00,4.716607630252838135e-01,6.299281597137451172e+00
-1.444760560989379883e+00,4.815868437290191650e-01,6.280512332916259766e+00
-1.441407918930053711e+00,4.842675030231475830e-01,6.315471649169921875e+00
-1.440825819969177246e+00,4.879290163516998291e-01,6.363222599029541016e+00
-1.428689360618591309e+00,4.877051711082458496e-01,6.360303401947021484e+00
-1.416564106941223145e+00,4.874815940856933594e-01,6.357387065887451172e+00
-1.368174433708190918e+00,4.865892231464385986e-01,6.345749378204345703e+00
-1.319961428642272949e+00,4.857000708580017090e-01,6.334154129028320312e+00
-1.259942412376403809e+00,4.845932126045227051e-01,6.319718837738037109e+00
-1.188279628753662109e+00,4.832715988159179688e-01,6.302483558654785156e+00
-1.176373839378356934e+00,4.830520451068878174e-01,6.299620151519775391e+00
-1.128858566284179688e+00,4.821757972240447998e-01,6.288192749023437500e+00
-1.456712245941162109e+00,4.818781912326812744e-01,6.139844894409179688e+00
-1.450253248214721680e+00,4.871506989002227783e-01,6.207024574279785156e+00
-1.233269929885864258e+00,4.944445788860321045e-01,6.299959182739257812e+00
-1.461946487426757812e+00,4.873155057430267334e-01,6.069593429565429688e+00
-1.278223991394042969e+00,5.056086182594299316e-01,6.297437191009521484e+00
-1.335105657577514648e+00,5.169984102249145508e-01,6.297775268554687500e+00
-1.391993641853332520e+00,5.283893942832946777e-01,6.298114299774169922e+00
-1.142468571662902832e+00,5.233969092369079590e-01,6.238606452941894531e+00
-1.444768548011779785e+00,5.410909056663513184e-01,6.183549880981445312e+00
-1.438131332397460938e+00,5.470538735389709473e-01,6.251694679260253906e+00
-1.373913407325744629e+00,5.484346151351928711e-01,6.267473220825195312e+00
-1.314403295516967773e+00,5.471979379653930664e-01,6.253340244293212891e+00
-1.255160689353942871e+00,5.459667444229125977e-01,6.239271163940429688e+00
-1.196184277534484863e+00,5.447412133216857910e-01,6.225265502929687500e+00
-1.137471914291381836e+00,5.435211062431335449e-01,6.211321830749511719e+00
-1.453375458717346191e+00,5.429590940475463867e-01,6.079547882080078125e+00
-1.446944475173950195e+00,5.488409996032714844e-01,6.145408153533935547e+00
-1.311515927314758301e+00,5.572535395622253418e-01,6.239603996276855469e+00
-1.439278841018676758e+00,5.656310319900512695e-01,6.207993030548095703e+00
-1.367877006530761719e+00,5.685414671897888184e-01,6.239935874938964844e+00
-1.165014743804931641e+00,5.741459727287292480e-01,6.179089546203613281e+00
-1.220821261405944824e+00,5.853253006935119629e-01,6.179415225982666016e+00
-1.439325094223022461e+00,5.946246385574340820e-01,6.160252094268798828e+00
-1.276633858680725098e+00,5.965058207511901855e-01,6.179740905761718750e+00
-1.441526412963867188e+00,6.020167469978332520e-01,6.122396469116210938e+00
-1.438241243362426758e+00,6.052830219268798828e-01,6.155613899230957031e+00
-1.438575148582458496e+00,6.101350784301757812e-01,6.204957962036132812e+00
-1.379512786865234375e+00,6.087728738784790039e-01,6.191105365753173828e+00
-1.320713758468627930e+00,6.074168682098388672e-01,6.177314281463623047e+00
-1.308985233306884766e+00,6.071463227272033691e-01,6.174563407897949219e+00
-1.250499486923217773e+00,6.057975292205810547e-01,6.160846233367919922e+00
-1.192272901535034180e+00,6.044546365737915039e-01,6.147189140319824219e+00
-1.443700790405273438e+00,6.093186140060424805e-01,6.085003376007080078e+00
-1.439370512962341309e+00,6.231757402420043945e-01,6.113240242004394531e+00
-1.286089301109313965e+00,6.458044648170471191e-01,6.118635654449462891e+00
-1.341356277465820312e+00,6.568781733512878418e-01,6.118955135345458984e+00
-1.431646227836608887e+00,6.688386201858520508e-01,6.127387523651123047e+00
-1.373335957527160645e+00,6.673640012741088867e-01,6.113878726959228516e+00
