-2.557507455348968506e-01,-8.525025099515914917e-02,6.300046920776367188e+00
-2.330354154109954834e-01,-8.525685966014862061e-02,6.300535202026367188e+00
-1.762316226959228516e-01,-8.527335524559020996e-02,6.301754474639892578e+00
-4.152303934097290039e-01,-7.394513487815856934e-02,6.305298328399658203e+00
-3.584189414978027344e-01,-7.395946234464645386e-02,6.306519985198974609e+00
-4.163762629032135010e-01,-5.133405700325965881e-02,6.322698593139648438e+00
-3.594082295894622803e-01,-5.134403333067893982e-02,6.323926925659179688e+00
-2.910173833370208740e-01,-5.135600641369819641e-02,6.325401782989501953e+00
-2.340006530284881592e-01,-5.136599391698837280e-02,6.326632022857666016e+00
-1.769617050886154175e-01,-5.137597769498825073e-02,6.327861309051513672e+00
-1.199005991220474243e-01,-5.138596892356872559e-02,6.329092502593994141e+00
-3.155601024627685547e-01,-5.737456493079662323e-03,6.360023975372314453e+00
-2.926331460475921631e-01,-5.737904459238052368e-03,6.360521316528320312e+00
-2.353000938892364502e-01,-5.739026702940464020e-03,6.361765384674072266e+00
-1.779446005821228027e-01,-5.740148480981588364e-03,6.363008499145507812e+00
-1.090884134173393250e-01,-5.741495173424482346e-03,6.364501476287841797e+00
-5.168356746435165405e-02,-5.742618814110755920e-03,6.365746974945068359e+00
-5.339280366897583008e-01,5.741161759942770004e-03,6.364131450653076172e+00
-4.766096174716949463e-01,5.742284003645181656e-03,6.365375995635986328e+00
-4.192687571048736572e-01,5.743407644331455231e-03,6.366621494293212891e+00
-3.504301309585571289e-01,5.744756199419498444e-03,6.368115901947021484e+00
-2.930398881435394287e-01,5.745880771428346634e-03,6.369362354278564453e+00
-2.356272190809249878e-01,5.747005343437194824e-03,6.370609283447265625e+00
-1.781920492649078369e-01,5.748131312429904938e-03,6.371856689453125000e+00
-1.092401519417762756e-01,5.749481730163097382e-03,6.373354434967041016e+00
-5.175546556711196899e-02,5.750607233494520187e-03,6.374602317810058594e+00
-5.376616716384887695e-01,6.359438598155975342e-02,6.408634185791015625e+00
-4.799430370330810547e-01,6.360691040754318237e-02,6.409895896911621094e+00
-4.106507599353790283e-01,6.362194567918777466e-02,6.411411285400390625e+00
-3.528821468353271484e-01,6.363448500633239746e-02,6.412674903869628906e+00
-2.950907647609710693e-01,6.364702433347702026e-02,6.413938522338867188e+00
-2.372765839099884033e-01,6.365957111120223999e-02,6.415203094482421875e+00
-1.794396191835403442e-01,6.367212533950805664e-02,6.416467189788818359e+00
-1.100051477551460266e-01,6.368719041347503662e-02,6.417986392974853516e+00
-5.211798101663589478e-02,6.369975209236145020e-02,6.419252395629882812e+00
-1.737471669912338257e-02,6.370728462934494019e-02,6.420011520385742188e+00
-4.227932989597320557e-01,7.529195398092269897e-02,6.420141696929931641e+00
-4.112261533737182617e-01,7.529492676258087158e-02,6.420394897460937500e+00
-3.533766865730285645e-01,7.530977576971054077e-02,6.421661376953125000e+00
-2.955043911933898926e-01,7.532464712858200073e-02,6.422929286956787109e+00
-2.376092374324798584e-01,7.533951848745346069e-02,6.424197196960449219e+00
-1.796912401914596558e-01,7.535438984632492065e-02,6.425465106964111328e+00
-1.101594269275665283e-01,7.537224143743515015e-02,6.426987648010253906e+00
-5.391697883605957031e-01,8.696287125349044800e-02,6.426610469818115234e+00
-5.298248529434204102e-01,1.222672685980796814e-01,6.454019546508789062e+00
-4.716958403587341309e-01,1.222915202379226685e-01,6.455299854278564453e+00
-4.135438203811645508e-01,1.223157718777656555e-01,6.456580162048339844e+00
-3.553687036037445068e-01,1.223400384187698364e-01,6.457860946655273438e+00
-2.971704900264739990e-01,1.223643273115158081e-01,6.459143161773681641e+00
-2.389492094516754150e-01,1.223886236548423767e-01,6.460425376892089844e+00
-1.690531075000762939e-01,1.224177703261375427e-01,6.461964130401611328e+00
-1.228711903095245361e-01,1.228711903095245361e-01,6.485898494720458984e+00
-1.111171990633010864e-01,1.228137388825416565e-01,6.482865810394287109e+00
-9.937419742345809937e-02,1.227563470602035522e-01,6.479836463928222656e+00
-5.251170694828033447e-02,1.225273087620735168e-01,6.467746734619140625e+00
5.821058992296457291e-03,1.222422271966934204e-01,6.452698230743408203e+00
-2.049884200096130371e-01,1.347066760063171387e-01,6.492331027984619141e+00
-2.872686684131622314e-01,1.465656459331512451e-01,6.498775959014892578e+00
-5.320730209350585938e-01,1.578678190708160400e-01,6.481405735015869141e+00
-4.736977815628051758e-01,1.578992605209350586e-01,6.482696533203125000e+00
-4.152992665767669678e-01,1.579307168722152710e-01,6.483988285064697266e+00
-3.578077256679534912e-01,1.583739221096038818e-01,6.502184391021728516e+00
-2.894841320812702179e-02,1.563214361667633057e-01,6.417917728424072266e+00
-8.684999495744705200e-02,1.679099947214126587e-01,6.418268680572509766e+00
-5.350926518440246582e-01,1.822842955589294434e-01,6.518189430236816406e+00
-4.751743972301483154e-01,1.818568855524063110e-01,6.502904891967773438e+00
-4.155365526676177979e-01,1.814314424991607666e-01,6.487691879272460938e+00
-3.798875510692596436e-01,1.811771541833877563e-01,6.478598594665527344e+00
-3.561770319938659668e-01,1.810079813003540039e-01,6.472549915313720703e+00
-2.970939576625823975e-01,1.805865168571472168e-01,6.457479000091552734e+00
-2.382853776216506958e-01,1.801670044660568237e-01,6.442477703094482422e+00
-1.447578966617584229e-01,1.794998049736022949e-01,6.418619632720947266e+00
-4.383559823036193848e-01,1.928766369819641113e-01,6.478956222534179688e+00
-2.026721537113189697e-01,1.910909116268157959e-01,6.418971538543701172e+00
-1.793435811996459961e-01,1.909141391515731812e-01,6.413033485412597656e+00
-1.096160933375358582e-01,1.903858333826065063e-01,6.395287513732910156e+00
-5.180394276976585388e-02,1.899477839469909668e-01,6.380572795867919922e+00
5.742780398577451706e-03,1.895117610692977905e-01,6.365926265716552734e+00
-4.968308806419372559e-01,2.045774310827255249e-01,6.479313850402832031e+00
-2.605927586555480957e-01,2.026832550764083862e-01,6.419322490692138672e+00
-1.720557920634746552e-02,2.007317543029785156e-01,6.357515335083007812e+00
-5.553122758865356445e-01,2.162795066833496094e-01,6.479672431945800781e+00
-3.185197114944458008e-01,2.142768949270248413e-01,6.419674396514892578e+00
-7.456155121326446533e-02,2.122136354446411133e-01,6.357860088348388672e+00
-3.647009432315826416e-01,2.257672250270843506e-01,6.417053699493408203e+00
-1.319237351417541504e-01,2.236967682838439941e-01,6.358204364776611328e+00
-4.226131141185760498e-01,2.373580336570739746e-01,6.417405128479003906e+00
-1.892921626567840576e-01,2.351811677217483521e-01,6.358549594879150391e+00
-5.396758913993835449e-01,2.495275586843490601e-01,6.432642936706542969e+00
-4.805315732955932617e-01,2.489500939846038818e-01,6.417756080627441406e+00
-4.687355756759643555e-01,2.488349527120590210e-01,6.414787769317626953e+00
-4.099187552928924561e-01,2.482606768608093262e-01,6.399983406066894531e+00
-3.513728678226470947e-01,2.476890832185745239e-01,6.385248184204101562e+00
-2.930959165096282959e-01,2.471200674772262573e-01,6.370579719543457031e+00
-2.466667741537094116e-01,2.466667741537094116e-01,6.358893871307373047e+00
-2.350860983133316040e-01,2.465537190437316895e-01,6.355979442596435547e+00
-1.773415952920913696e-01,2.459899336099624634e-01,6.341445446014404297e+00
-1.198605373501777649e-01,2.454287260770797729e-01,6.326977729797363281e+00
-5.122854933142662048e-02,2.447586059570312500e-01,6.309702873229980469e+00
-3.040476441383361816e-01,2.581536471843719482e-01,6.359238624572753906e+00
-6.250227242708206177e-02,2.556911110877990723e-01,6.298577785491943359e+00
-3.614346981048583984e-01,2.696417570114135742e-01,6.359583854675292969e+00
-1.761617064476013184e-01,2.784491181373596191e-01,6.299254417419433594e+00
-4.645391106605529785e-01,2.924875915050506592e-01,6.357357501983642578e+00
-2.330005466938018799e-01,2.898299396038055420e-01,6.299592494964599609e+00
-5.336332321166992188e-01,3.041135668754577637e-01,6.360618114471435547e+00
-5.219178795814514160e-01,3.039741516113281250e-01,6.357701778411865234e+00
-4.751635193824768066e-01,3.034176826477050781e-01,6.346063137054443359e+00
-4.169607460498809814e-01,3.027249574661254883e-01,6.331574440002441406e+00
-3.590231537818908691e-01,3.020353317260742188e-01,6.317151069641113281e+00
-2.898455262184143066e-01,3.012120127677917480e-01,6.299930572509765625e+00
-2.324849367141723633e-01,3.005293011665344238e-01,6.285651683807373047e+00
-3.351772129535675049e-01,3.124533295631408691e-01,6.297408103942871094e+00
-1.749973893165588379e-01,3.104792535305023193e-01,6.257620811462402344e+00
-1.182797327637672424e-01,3.097802400588989258e-01,6.243533134460449219e+00
-9.566410630941390991e-02,3.095014989376068115e-01,6.237915039062500000e+00
-3.920079469680786133e-01,3.238326609134674072e-01,6.297746181488037109e+00
-1.519451886415481567e-01,3.207732141017913818e-01,6.238247394561767578e+00
-4.488447606563568115e-01,3.352132141590118408e-01,6.298084259033203125e+00
-2.082322686910629272e-01,3.320460319519042969e-01,6.238579273223876953e+00
-2.645253241062164307e-01,3.433201014995574951e-01,6.238910675048828125e+00
-3.208243846893310547e-01,3.545953631401062012e-01,6.239242553710937500e+00
-4.114575982093811035e-01,3.663663566112518311e-01,6.248008728027343750e+00
-3.771294355392456055e-01,3.658718168735504150e-01,6.239574432373046875e+00
-3.542953729629516602e-01,3.655428290367126465e-01,6.233963966369628906e+00
-2.973895072937011719e-01,3.647229373455047607e-01,6.219981670379638672e+00
-2.294385135173797607e-01,3.637440204620361328e-01,6.203286647796630859e+00
