-1.483752846717834473e+00,1.876009255647659302e-01,6.301739215850830078e+00
-1.483293771743774414e+00,5.426684617996215820e-01,5.729076862335205078e+00
-1.482984662055969238e+00,6.640975475311279297e-01,5.535025119781494141e+00
-1.481733918190002441e+00,6.059324145317077637e-01,5.644384384155273438e+00
-1.481186628341674805e+00,2.421711832284927368e-01,6.243000507354736328e+00
-1.480635046958923340e+00,3.049997389316558838e-01,6.147183418273925781e+00
-1.479861140251159668e+00,1.218709200620651245e-01,6.433097839355468750e+00
-1.478438138961791992e+00,6.610082387924194336e-01,5.593387603759765625e+00
-1.477786540985107422e+00,1.101095899939537048e-01,6.424079418182373047e+00
-1.477549672126770020e+00,3.066612482070922852e-01,6.180670261383056641e+00
-1.477542519569396973e+00,5.482048392295837402e-01,5.787525653839111328e+00
-1.477425456047058105e+00,1.897083222866058350e-01,6.372528553009033203e+00
-1.477082967758178711e+00,6.021557450294494629e-01,5.705088615417480469e+00
-1.477059006690979004e+00,3.678919970989227295e-01,6.086742401123046875e+00
-1.476984620094299316e+00,7.210868000984191895e-01,5.512630939483642578e+00
-1.476121187210083008e+00,4.849351346492767334e-01,5.907199382781982422e+00
-1.475672841072082520e+00,5.409049987792968750e-01,5.821342468261718750e+00
-1.474890112876892090e+00,2.448659241199493408e-01,6.312469005584716797e+00
-1.474201440811157227e+00,7.246074676513671875e-01,5.539546012878417969e+00
-1.473552346229553223e+00,4.295595586299896240e-01,6.027478694915771484e+00
-1.472114801406860352e+00,1.803777068853378296e-01,6.450011730194091797e+00
-1.471984982490539551e+00,3.610529005527496338e-01,6.157392978668212891e+00
-1.471580266952514648e+00,4.212330281734466553e-01,6.064165592193603516e+00
-1.470924019813537598e+00,6.611471176147460938e-01,5.681300163269042969e+00
-1.470113754272460938e+00,4.900379180908203125e-01,5.969358921051025391e+00
-1.469749212265014648e+00,5.465132594108581543e-01,5.881699085235595703e+00
-1.469558477401733398e+00,7.221541404724121094e-01,5.598004341125488281e+00
-1.469394922256469727e+00,6.013537645339965820e-01,5.796576499938964844e+00
-1.469217419624328613e+00,3.006506562232971191e-01,6.288189888000488281e+00
-1.468847155570983887e+00,3.630230724811553955e-01,6.190991878509521484e+00
-1.468738555908203125e+00,8.441587686538696289e-01,5.409005165100097656e+00
-1.468452095985412598e+00,2.476213127374649048e-01,6.383501529693603516e+00
-1.468232154846191406e+00,7.813981175422668457e-01,5.517115592956542969e+00
-1.468140006065368652e+00,4.821566939353942871e-01,6.005339622497558594e+00
-1.468024730682373047e+00,6.644743680953979492e-01,5.709891796112060547e+00
-1.467663049697875977e+00,1.929596811532974243e-01,6.481745719909667969e+00
-1.466428637504577637e+00,6.044418811798095703e-01,5.826344013214111328e+00
-1.465997099876403809e+00,3.023262619972229004e-01,6.323235511779785156e+00
-1.465404033660888672e+00,7.852164506912231445e-01,5.544075489044189453e+00
-1.465362548828125000e+00,4.257845878601074219e-01,6.129691123962402344e+00
-1.464766025543212891e+00,5.419097542762756348e-01,5.947644233703613281e+00
-1.464149832725524902e+00,8.429953455924987793e-01,5.464726924896240234e+00
-1.463173151016235352e+00,1.023753643035888672e+00,5.181920528411865234e+00
-1.463170170783996582e+00,6.612904667854309082e-01,5.772020816802978516e+00
-1.462467551231384277e+00,3.670285344123840332e-01,6.259300708770751953e+00
-1.461946487426757812e+00,4.873155057430267334e-01,6.069593429565429688e+00
-1.461898446083068848e+00,7.232550382614135742e-01,5.686063766479492188e+00
-1.461867213249206543e+00,2.504394054412841797e-01,6.456149578094482422e+00
-1.461456298828125000e+00,6.005256772041320801e-01,5.891047000885009766e+00
-1.460664153099060059e+00,7.834011316299438477e-01,5.602629184722900391e+00
-1.460144162178039551e+00,9.034336805343627930e-01,5.413322925567626953e+00
-1.459678053855895996e+00,2.403485774993896484e-01,6.498260021209716797e+00
-1.459447622299194336e+00,3.057340979576110840e-01,6.394511699676513672e+00
-1.456997752189636230e+00,7.207213044166564941e-01,5.747671604156494141e+00
-1.456934809684753418e+00,1.020328879356384277e+00,5.260670661926269531e+00
-1.456890106201171875e+00,4.218793809413909912e-01,6.235429763793945312e+00
-1.456712245941162109e+00,4.818781912326812744e-01,6.139844894409179688e+00
-1.456709742546081543e+00,1.084387660026550293e+00,5.159029960632324219e+00
-1.456539511680603027e+00,5.400652289390563965e-01,6.047144889831542969e+00
-1.456117272377014160e+00,3.074670135974884033e-01,6.430756092071533203e+00
-1.455945730209350586e+00,3.711234033107757568e-01,6.329135417938232422e+00
-1.455822944641113281e+00,7.815470695495605469e-01,5.662432670593261719e+00
-1.455463051795959473e+00,9.028804898262023926e-01,5.469133853912353516e+00
-1.455311655998229980e+00,6.068273186683654785e-01,5.952865600585937500e+00
-1.455164551734924316e+00,6.614384651184082031e-01,5.865685939788818359e+00
-1.454935550689697266e+00,1.080675601959228516e+00,5.185883045196533203e+00
-1.454751491546630859e+00,1.142691254615783691e+00,5.087084293365478516e+00
-1.454682469367980957e+00,8.405950665473937988e-01,5.579685688018798828e+00
-1.453993558883666992e+00,7.243911027908325195e-01,5.776937484741210938e+00
-1.453761816024780273e+00,3.620039224624633789e-01,6.369598865509033203e+00
-1.453629016876220703e+00,4.242107868194580078e-01,6.269888877868652344e+00
-1.453375458717346191e+00,5.429590940475463867e-01,6.079547882080078125e+00
-1.452354907989501953e+00,1.020962357521057129e+00,5.313363075256347656e+00
-1.452088832855224609e+00,6.648758649826049805e-01,5.896168708801269531e+00
-1.451755046844482422e+00,8.447494506835937500e-01,5.607261657714843750e+00
-1.451536059379577637e+00,9.628033638000488281e-01,5.417647361755371094e+00
-1.450684189796447754e+00,9.023156762123107910e-01,5.526106834411621094e+00
-1.450401544570922852e+00,1.081895589828491211e+00,5.237080574035644531e+00
-1.450331449508666992e+00,4.265680909156799316e-01,6.304729461669921875e+00
-1.450302958488464355e+00,1.144488334655761719e+00,5.136340141296386719e+00
-1.450253248214721680e+00,4.871506989002227783e-01,6.207024574279785156e+00
-1.450208067893981934e+00,1.204718351364135742e+00,5.039402008056640625e+00
-1.450103640556335449e+00,6.028520464897155762e-01,6.020424842834472656e+00
-1.449341893196105957e+00,3.109923899173736572e-01,6.504490375518798828e+00
-1.448926806449890137e+00,7.218289971351623535e-01,5.840541839599609375e+00
-1.448442220687866211e+00,1.201704382896423340e+00,5.065021514892578125e+00
-1.448383331298828125e+00,1.260048747062683105e+00,4.970732212066650391e+00
-1.447854876518249512e+00,7.836059927940368652e-01,5.752547264099121094e+00
-1.447682142257690430e+00,1.021608591079711914e+00,5.367121696472167969e+00
-1.447053670883178711e+00,3.012234270572662354e-01,6.547235488891601562e+00
-1.447024941444396973e+00,3.661147356033325195e-01,6.441930294036865234e+00
-1.446944475173950195e+00,5.488409996032714844e-01,6.145408153533935547e+00
-1.446895003318786621e+00,6.615913510322570801e-01,5.962440967559814453e+00
-1.446814656257629395e+00,8.435491919517517090e-01,5.667164802551269531e+00
-1.446762442588806152e+00,9.628623127937316895e-01,5.473548412322998047e+00
-1.446481585502624512e+00,2.656802833080291748e-01,6.544646739959716797e+00
-1.445805072784423828e+00,9.017390608787536621e-01,5.584280490875244141e+00
-1.445777058601379395e+00,1.083140015602111816e+00,5.289299011230468750e+00
-1.445740580558776855e+00,1.321946144104003906e+00,4.900969505310058594e+00
-1.445685625076293945e+00,3.921495378017425537e-01,6.488080978393554688e+00
-1.444866061210632324e+00,4.352006316184997559e-01,6.432320117950439453e+00
-1.444768548011779785e+00,5.410909056663513184e-01,6.183549880981445312e+00
-1.444760560989379883e+00,4.815868437290191650e-01,6.280512332916259766e+00
-1.444752216339111328e+00,4.201868772506713867e-01,6.380563259124755859e+00
-1.443977236747741699e+00,1.262914180755615234e+00,5.017750263214111328e+00
-1.443926692008972168e+00,1.142912745475769043e+00,5.213701248168945312e+00
-1.443700790405273438e+00,6.093186140060424805e-01,6.085003376007080078e+00
-1.442914009094238281e+00,1.022267937660217285e+00,5.421978950500488281e+00
-1.442742347717285156e+00,7.817040681838989258e-01,5.815612792968750000e+00
-1.442187547683715820e+00,1.260208010673522949e+00,5.043149471282958984e+00
-1.442128300666809082e+00,1.201000690460205078e+00,5.140233516693115234e+00
-1.441889047622680664e+00,9.629223942756652832e-01,5.530614376068115234e+00
-1.441767692565917969e+00,8.423230648040771484e-01,5.728362083435058594e+00
-1.441526412963867188e+00,6.020167469978332520e-01,6.122396469116210938e+00
-1.441407918930053711e+00,4.842675030231475830e-01,6.315471649169921875e+00
-1.441372275352478027e+00,1.325348496437072754e+00,4.946671009063720703e+00
-1.441142439842224121e+00,1.148188948631286621e+00,5.237770080566406250e+00
-1.441059708595275879e+00,1.084409475326538086e+00,5.342569351196289062e+00
-1.440825819969177246e+00,4.879290163516998291e-01,6.363222599029541016e+00
-1.440821886062622070e+00,9.011500477790832520e-01,5.643690586090087891e+00
-1.440590858459472656e+00,7.229731082916259766e-01,5.936462879180908203e+00
-1.440520286560058594e+00,6.686188578605651855e-01,6.025774478912353516e+00
-1.439903497695922852e+00,9.582633376121520996e-01,5.561486721038818359e+00
-1.439883947372436523e+00,3.702558577060699463e-01,6.514794826507568359e+00
-1.439827799797058105e+00,9.107038378715515137e-01,5.639797210693359375e+00
-1.439789175987243652e+00,8.864182829856872559e-01,5.679786205291748047e+00
-1.439669966697692871e+00,8.114503026008605957e-01,5.803227901458740234e+00
-1.439664840698242188e+00,1.359929442405700684e+00,4.910406112670898438e+00
-1.439629197120666504e+00,7.857316732406616211e-01,5.845576286315917969e+00
-1.439595103263854980e+00,1.322992324829101562e+00,4.971354007720947266e+00
-1.439545631408691406e+00,7.331514358520507812e-01,5.932155132293701172e+00
-1.439523458480834961e+00,1.285126447677612305e+00,5.033833503723144531e+00
-1.439502716064453125e+00,7.062728404998779297e-01,5.976412773132324219e+00
-1.439450383186340332e+00,1.246297359466552734e+00,5.097904682159423828e+00
-1.439370512962341309e+00,6.231757402420043945e-01,6.113240242004394531e+00
-1.439337015151977539e+00,1.186163544654846191e+00,5.197128772735595703e+00
-1.439325094223022461e+00,5.946246385574340820e-01,6.160252094268798828e+00
-1.439278841018676758e+00,5.656310319900512695e-01,6.207993030548095703e+00
-1.439258813858032227e+00,1.144757032394409180e+00,5.265451908111572266e+00
-1.439178586006164551e+00,1.102247118949890137e+00,5.335595130920410156e+00
-1.439137816429138184e+00,1.080564737319946289e+00,5.371372699737548828e+00
-1.439054250717163086e+00,1.036315441131591797e+00,5.444386005401611328e+00
-1.438968300819396973e+00,9.908467531204223633e-01,5.519411563873291016e+00
-1.438924670219421387e+00,9.676392674446105957e-01,5.557705879211425781e+00
-1.438696384429931641e+00,8.465975522994995117e-01,5.757431507110595703e+00
-1.438575148582458496e+00,6.101350784301757812e-01,6.204957962036132812e+00
-1.438347697257995605e+00,6.617493033409118652e-01,6.062440872192382812e+00
-1.438241243362426758e+00,6.052830219268798828e-01,6.155613899230957031e+00
-1.438131332397460938e+00,5.470538735389709473e-01,6.251694679260253906e+00
-1.438047289848327637e+00,1.022940874099731445e+00,5.477969169616699219e+00
-1.437799811363220215e+00,1.320612430572509766e+00,4.996284008026123047e+00
-1.437791585922241211e+00,9.056552052497863770e-01,5.671905517578125000e+00
-1.437657356262207031e+00,1.263117313385009766e+00,5.091554641723632812e+00
-1.437559127807617188e+00,1.223553657531738281e+00,5.157112598419189453e+00
-1.437401056289672852e+00,7.267758250236511230e-01,5.967687606811523438e+00
-1.437355279922485352e+00,1.141288757324218750e+00,5.293427467346191406e+00
-1.437281966209411621e+00,6.721889376640319824e-01,6.057949066162109375e+00
-1.437075138092041016e+00,1.384013891220092773e+00,4.901573181152343750e+00
-1.436913013458251953e+00,9.629838466644287109e-01,5.588882446289062500e+00
-1.436610698699951172e+00,8.410701751708984375e-01,5.790895938873291016e+00
-1.435846447944641113e+00,4.243594408035278320e-01,6.443923473358154297e+00
-1.435808658599853516e+00,1.260372281074523926e+00,5.117708206176757812e+00
-1.435731768608093262e+00,9.005485773086547852e-01,5.704380512237548828e+00
-1.435623526573181152e+00,1.200275421142578125e+00,5.217711925506591797e+00
-1.435230851173400879e+00,7.203233838081359863e-01,6.003648757934570312e+00
-1.434731245040893555e+00,2.656909823417663574e-01,6.544909954071044922e+00
-1.434341430664062500e+00,7.838222384452819824e-01,5.910709381103515625e+00
-1.434278249740600586e+00,1.081827640533447266e+00,5.426317691802978516e+00
-1.433660745620727539e+00,1.218901872634887695e-01,6.434115409851074219e+00
-1.433478951454162598e+00,8.453851342201232910e-01,5.820604801177978516e+00
-1.433079242706298828e+00,1.023627996444702148e+00,5.535128116607666016e+00
-1.432855606079101562e+00,1.441619157791137695e+00,4.857290267944335938e+00
-1.432549118995666504e+00,1.143145322799682617e+00,5.346781730651855469e+00
-1.432163357734680176e+00,1.812125146389007568e-01,6.479863643646240234e+00
-1.431831002235412598e+00,9.630464911460876465e-01,5.648391723632812500e+00
-1.431650757789611816e+00,1.101269796490669250e-01,6.425094127655029297e+00
-1.431646227836608887e+00,6.688386201858520508e-01,6.127387523651123047e+00
-1.431416749954223633e+00,1.321659445762634277e+00,5.069453239440917969e+00
-1.431415438652038574e+00,8.460782766342163086e-01,5.898652076721191406e+00
-1.430869817733764648e+00,1.202691197395324707e+00,5.269543647766113281e+00
-1.430804252624511719e+00,1.385951519012451172e+00,4.971975326538085938e+00
-1.430644750595092773e+00,2.413844913244247437e-01,6.526267528533935547e+00
-1.429697155952453613e+00,7.822871208190917969e-01,5.980500698089599609e+00
-1.429318547248840332e+00,1.083116769790649414e+00,5.482397556304931641e+00
-1.429238200187683105e+00,1.260541200637817383e+00,5.194504737854003906e+00
-1.429103851318359375e+00,3.024244606494903564e-01,6.573340415954589844e+00
-1.428689360618591309e+00,4.877051711082458496e-01,6.360303401947021484e+00
-1.428407549858093262e+00,1.446096658706665039e+00,4.902176856994628906e+00
-1.428006291389465332e+00,1.024329543113708496e+00,5.593492507934570312e+00
-1.427381277084350586e+00,9.045310020446777344e-01,5.795845031738281250e+00
-1.427176356315612793e+00,1.084250688552856445e+00,5.590241909027099609e+00
-1.427106976509094238e+00,1.381802082061767578e+00,5.022099971771240234e+00
-1.426639676094055176e+00,9.631105065345764160e-01,5.709181785583496094e+00
-1.426020383834838867e+00,1.205155253410339355e+00,5.322413921356201172e+00
-1.425628662109375000e+00,1.141482830047607422e+00,5.430662631988525391e+00
-1.425493717193603516e+00,1.026968598365783691e+00,5.663702964782714844e+00
-1.424844026565551758e+00,1.322737812995910645e+00,5.144797801971435547e+00
-1.424265742301940918e+00,1.503148078918457031e+00,4.857882976531982422e+00
-1.424255132675170898e+00,1.084432840347290039e+00,5.539649486541748047e+00
-1.424024939537048340e+00,1.201973557472229004e+00,5.350999832153320312e+00
-1.422909259796142578e+00,1.320273280143737793e+00,5.171502590179443359e+00
-1.422876954078674316e+00,1.440831303596496582e+00,4.975623130798339844e+00
-1.422467470169067383e+00,1.260715365409851074e+00,5.273640632629394531e+00
-1.421560645103454590e+00,3.480169177055358887e-01,6.538644313812255859e+00
-1.420589804649353027e+00,1.500249147415161133e+00,4.905723094940185547e+00
-1.420575380325317383e+00,1.143390059471130371e+00,5.486833572387695312e+00
-1.420532941818237305e+00,1.383755445480346680e+00,5.096032619476318359e+00
-1.420528888702392578e+00,1.812197268009185791e-01,6.480121612548828125e+00
-1.418594717979431152e+00,1.381628155708312988e+00,5.122232913970947266e+00
-1.418225049972534180e+00,1.445411443710327148e+00,5.022733688354492188e+00
-1.417530179023742676e+00,1.263764142990112305e+00,5.326594829559326172e+00
-1.417307734489440918e+00,1.201523780822753906e+00,5.436327934265136719e+00
-1.416564106941223145e+00,4.874815940856933594e-01,6.357387065887451172e+00
-1.416349053382873535e+00,1.261662364006042480e+00,5.358485221862792969e+00
-1.416073083877563477e+00,1.321352601051330566e+00,5.249934196472167969e+00
-1.415417194366455078e+00,1.320102810859680176e+00,5.282838821411132812e+00
-1.414860606193542480e+00,1.505848526954650879e+00,5.043043136596679688e+00
-1.414076685905456543e+00,1.503859281539916992e+00,4.976245403289794922e+00
-1.412400007247924805e+00,1.440003752708435059e+00,5.099865436553955078e+00
-1.411921858787536621e+00,1.383777141571044922e+00,5.199762821197509766e+00
-1.411912918090820312e+00,1.562398791313171387e+00,4.906328201293945312e+00
-1.411529898643493652e+00,1.563885688781738281e+00,4.967283248901367188e+00
-1.408590197563171387e+00,3.915998041629791260e-01,6.478985309600830078e+00
-1.408534646034240723e+00,1.445479750633239746e+00,5.119258880615234375e+00
-1.395648002624511719e+00,1.504753947257995605e+00,5.039377212524414062e+00
-1.391993641853332520e+00,5.283893942832946777e-01,6.298114299774169922e+00
-1.383630037307739258e+00,4.341935515403747559e-01,6.417434692382812500e+00
-1.379512786865234375e+00,6.087728738784790039e-01,6.191105365753173828e+00
-1.379297971725463867e+00,1.443880558013916016e+00,5.113594532012939453e+00
-1.378806352615356445e+00,7.248271107673645020e-01,6.041185379028320312e+00
-1.377876043319702148e+00,3.693880438804626465e-01,6.499526023864746094e+00
-1.377702236175537109e+00,9.062451720237731934e-01,5.806828022003173828e+00
-1.376463055610656738e+00,1.503661036491394043e+00,5.035717010498046875e+00
-1.375965476036071777e+00,2.657444179058074951e-01,6.546226024627685547e+00
-1.375889778137207031e+00,1.219142898917198181e-01,6.435387134552001953e+00
-1.375277638435363770e+00,8.442824482917785645e-01,5.886132240295410156e+00
-1.374521017074584961e+00,4.233756661415100098e-01,6.428985118865966797e+00
-1.373981356620788574e+00,1.812486052513122559e-01,6.481153964996337891e+00
-1.373976588249206543e+00,1.082069396972656250e+00,5.578995704650878906e+00
-1.373960375785827637e+00,1.101487129926681519e-01,6.426362514495849609e+00
-1.373913407325744629e+00,5.484346151351928711e-01,6.267473220825195312e+00
-1.373713254928588867e+00,1.561648011207580566e+00,4.960175991058349609e+00
-1.373629331588745117e+00,1.145517468452453613e+00,5.497043132781982422e+00
-1.373335957527160645e+00,6.673640012741088867e-01,6.113878726959228516e+00
-1.373292207717895508e+00,1.207128763198852539e+00,5.417463779449462891e+00
-1.372964859008789062e+00,1.266981720924377441e+00,5.340156078338623047e+00
-1.372785925865173340e+00,7.806037664413452148e-01,5.967631340026855469e+00
-1.372646450996398926e+00,1.325150132179260254e+00,5.265022277832031250e+00
-1.372336983680725098e+00,1.381704688072204590e+00,5.191974639892578125e+00
-1.372045397758483887e+00,2.414328753948211670e-01,6.527575969696044922e+00
-1.371973276138305664e+00,3.029031753540039062e-01,6.583745479583740234e+00
-1.371599435806274414e+00,1.024875402450561523e+00,5.652159690856933594e+00
-1.371237754821777344e+00,4.762039184570312500e-01,6.359958171844482422e+00
-1.369159102439880371e+00,9.661612510681152344e-01,5.727266788482666016e+00
-1.368174433708190918e+00,4.865892231464385986e-01,6.345749378204345703e+00
-1.367877006530761719e+00,5.685414671897888184e-01,6.239935874938964844e+00
-1.366527557373046875e+00,9.404618740081787109e-01,5.759728431701660156e+00
-1.362805128097534180e+00,1.266493797302246094e+00,5.338099479675292969e+00
-1.362498760223388672e+00,3.362010121345520020e-01,6.538280010223388672e+00
-1.358145475387573242e+00,1.032597541809082031e+00,5.638640403747558594e+00
-1.350128889083862305e+00,1.495597362518310547e+00,5.039160251617431641e+00
-1.350085854530334473e+00,7.051056027412414551e-01,6.059039592742919922e+00
-1.350067853927612305e+00,3.798892199993133545e-01,6.478627204895019531e+00
-1.347702622413635254e+00,1.448895215988159180e+00,5.098774433135986328e+00
-1.347609519958496094e+00,1.309514522552490234e+00,5.278578281402587891e+00
-1.347237110137939453e+00,7.520720958709716797e-01,5.997690677642822266e+00
-1.345217943191528320e+00,1.401074647903442383e+00,5.159815311431884766e+00
-1.344445347785949707e+00,7.980970144271850586e-01,5.937571048736572266e+00
-1.343030214309692383e+00,1.540666818618774414e+00,4.979135513305664062e+00
-1.341972351074218750e+00,9.820563197135925293e-01,5.699574470520019531e+00
-1.341709256172180176e+00,8.432085514068603516e-01,5.878645420074462891e+00
-1.341356277465820312e+00,6.568781733512878418e-01,6.118955135345458984e+00
-1.335105657577514648e+00,5.169984102249145508e-01,6.297775268554687500e+00
-1.334540367126464844e+00,1.167107224464416504e+00,5.458858013153076172e+00
-1.329581141471862793e+00,1.212694883346557617e+00,5.398729324340820312e+00
-1.329121947288513184e+00,1.120046734809875488e+00,5.518143177032470703e+00
-1.327967166900634766e+00,8.870610594749450684e-01,5.818435192108154297e+00
-1.326750159263610840e+00,1.584113121032714844e+00,4.918779373168945312e+00
-1.325664997100830078e+00,4.225918948650360107e-01,6.417083263397216797e+00
-1.324730157852172852e+00,1.257289409637451172e+00,5.339912414550781250e+00
-1.323584556579589844e+00,1.071952581405639648e+00,5.578730106353759766e+00
-1.322832107543945312e+00,1.351077675819396973e+00,5.218405246734619141e+00
-1.320713758468627930e+00,6.074168682098388672e-01,6.177314281463623047e+00
-1.319961428642272949e+00,4.857000708580017090e-01,6.334154129028320312e+00
-1.319377660751342773e+00,8.424942493438720703e-01,5.873665332794189453e+00
-1.319075345993041992e+00,1.500391483306884766e+00,5.024767398834228516e+00
-1.318649768829345703e+00,1.447298526763916016e+00,5.093155384063720703e+00
-1.318405866622924805e+00,1.087810158729553223e+00,5.556902408599853516e+00
-1.318096041679382324e+00,1.219384074211120605e-01,6.436660289764404297e+00
-1.317924618721008301e+00,1.022790789604187012e+00,5.640662670135498047e+00
-1.317176222801208496e+00,2.657978832721710205e-01,6.547543525695800781e+00
-1.316247344017028809e+00,1.101704835891723633e-01,6.427631855010986328e+00
-1.316158294677734375e+00,3.685243427753448486e-01,6.484328269958496094e+00
-1.315776109695434570e+00,1.812846958637237549e-01,6.482444763183593750e+00
-1.315281987190246582e+00,6.658959388732910156e-01,6.100428581237792969e+00
-1.314899206161499023e+00,1.564507246017456055e+00,4.940942287445068359e+00
-1.314777374267578125e+00,9.641700983047485352e-01,5.715463161468505859e+00
-1.314403295516967773e+00,5.471979379653930664e-01,6.253340244293212891e+00
-1.313792467117309570e+00,4.647038877010345459e-01,6.359612464904785156e+00
-1.313479065895080566e+00,4.223963618278503418e-01,6.414113998413085938e+00
-1.313422918319702148e+00,2.414813339710235596e-01,6.528885841369628906e+00
-1.313365459442138672e+00,7.880193591117858887e-01,5.942359447479248047e+00
-1.313106656074523926e+00,1.620522856712341309e+00,4.868197441101074219e+00
-1.312660098075866699e+00,1.322137951850891113e+00,5.253054618835449219e+00
-1.312123656272888184e+00,1.264060616493225098e+00,5.327844142913818359e+00
-1.311571598052978516e+00,1.204305648803710938e+00,5.404793739318847656e+00
-1.311545729637145996e+00,9.039737582206726074e-01,5.792273998260498047e+00
-1.311515927314758301e+00,5.572535395622253418e-01,6.239603996276855469e+00
-1.311330318450927734e+00,1.440162777900695801e+00,5.100428104400634766e+00
-1.311003446578979492e+00,1.142799258232116699e+00,5.483998775482177734e+00
-1.310791254043579102e+00,1.385426998138427734e+00,5.170905113220214844e+00
-1.309983968734741211e+00,7.229372859001159668e-01,6.025434017181396484e+00
-1.309471726417541504e+00,3.021857738494873047e-01,6.568152427673339844e+00
-1.308985233306884766e+00,6.071463227272033691e-01,6.174563407897949219e+00
-1.308903217315673828e+00,6.342703104019165039e-02,6.391768932342529297e+00
-1.307215452194213867e+00,1.022374868392944336e+00,5.638368606567382812e+00
-1.304613947868347168e+00,1.486441612243652344e+00,5.038943290710449219e+00
-1.304449677467346191e+00,7.415336370468139648e-01,5.999978065490722656e+00
-1.303443551063537598e+00,3.243863880634307861e-01,6.537915706634521484e+00
-1.302086353302001953e+00,7.876818180084228516e-01,5.939814090728759766e+00
-1.301649212837219238e+00,1.439633250236511230e+00,5.098552703857421875e+00
-1.299932241439819336e+00,1.299932241439819336e+00,5.278340816497802734e+00
-1.298613309860229492e+00,1.391703844070434570e+00,5.159587860107421875e+00
-1.298057556152343750e+00,1.531618237495422363e+00,4.978924274444580078e+00
-1.295359373092651367e+00,6.941378116607666016e-01,6.058726310729980469e+00
-1.291551947593688965e+00,3.681800067424774170e-01,6.478269577026367188e+00
-1.290492892265319824e+00,9.717257022857666016e-01,5.699296474456787109e+00
-1.288612484931945801e+00,8.325603604316711426e-01,5.878350257873535156e+00
-1.286089301109313965e+00,6.458044648170471191e-01,6.118635654449462891e+00
-1.285235285758972168e+00,1.157204151153564453e+00,5.458602905273437500e+00
-1.282323360443115234e+00,1.575172424316406250e+00,4.918572902679443359e+00
-1.280819535255432129e+00,1.202898979187011719e+00,5.398480892181396484e+00
-1.279875755310058594e+00,4.111818075180053711e-01,6.419703006744384766e+00
-1.279281973838806152e+00,1.110038399696350098e+00,5.517883300781250000e+00
-1.278223991394042969e+00,5.056086182594299316e-01,6.297437191009521484e+00
-1.276633858680725098e+00,5.965058207511901855e-01,6.179740905761718750e+00
-1.276499867439270020e+00,1.247598052024841309e+00,5.339668273925781250e+00
-1.275699377059936523e+00,1.341602683067321777e+00,5.218172550201416016e+00
-1.275414943695068359e+00,8.765197396278381348e-01,5.818145751953125000e+00
-1.273197531700134277e+00,1.061836719512939453e+00,5.578464508056640625e+00
-1.266965866088867188e+00,1.617683053016662598e+00,4.859666347503662109e+00
-1.262484908103942871e+00,9.195878505706787109e-01,5.759162425994873047e+00
-1.259942412376403809e+00,4.845932126045227051e-01,6.319718837738037109e+00
-1.259713053703308105e+00,1.503528475761413574e+00,5.005031108856201172e+00
-1.259683251380920410e+00,3.016142845153808594e-01,6.555730819702148438e+00
-1.259041905403137207e+00,1.140543937683105469e+00,5.473175525665283203e+00
-1.258720517158508301e+00,1.561169147491455078e+00,4.930400848388671875e+00
-1.257709145545959473e+00,2.871481887996196747e-02,6.366129398345947266e+00
-1.257547616958618164e+00,1.813208162784576416e-01,6.483736038208007812e+00
-1.257483124732971191e+00,6.644342541694641113e-01,6.087038516998291016e+00
-1.257065057754516602e+00,7.863343358039855957e-01,5.929653167724609375e+00
-1.256668090820312500e+00,9.020895361900329590e-01,5.780200958251953125e+00
-1.256353378295898438e+00,4.532051086425781250e-01,6.359267234802246094e+00
-1.255232214927673340e+00,1.085200786590576172e+00,5.543572425842285156e+00
-1.255160689353942871e+00,5.459667444229125977e-01,6.239271163940429688e+00
-1.254776597023010254e+00,2.415297627449035645e-01,6.530195713043212891e+00
-1.254728674888610840e+00,3.676646947860717773e-01,6.469202518463134766e+00
-1.254224181175231934e+00,5.727051291614770889e-03,6.348490238189697266e+00
-1.253802180290222168e+00,1.020300507545471191e+00,5.626928806304931641e+00
-1.252905607223510742e+00,7.213699221611022949e-01,6.012370586395263672e+00
-1.252719283103942871e+00,4.214217066764831543e-01,6.399313926696777344e+00
-1.252609610557556152e+00,8.403583765029907227e-01,5.858774185180664062e+00
-1.252012848854064941e+00,1.382333874702453613e+00,5.159360885620117188e+00
-1.251562356948852539e+00,1.261152863502502441e+00,5.315588474273681641e+00
-1.251488208770751953e+00,6.343949586153030396e-02,6.393024921417236328e+00
-1.251108646392822266e+00,1.443586826324462891e+00,5.080093860626220703e+00
-1.250638246536254883e+00,1.326148509979248047e+00,5.231487751007080078e+00
-1.250499486923217773e+00,6.057975292205810547e-01,6.160846233367919922e+00
-1.250259041786193848e+00,7.306709885597229004e-01,5.999670982360839844e+00
-1.250139236450195312e+00,1.201495647430419922e+00,5.392183303833007812e+00
-1.249814510345458984e+00,9.617914557456970215e-01,5.701362609863281250e+00
-1.248713374137878418e+00,1.219673529267311096e-01,6.438188552856445312e+00
-1.248438954353332520e+00,7.769255042076110840e-01,5.939512252807617188e+00
-1.245214343070983887e+00,9.845881164073944092e-02,6.420147895812988281e+00
-1.244394779205322266e+00,3.125730752944946289e-01,6.537551403045654297e+00
-1.240638852119445801e+00,6.831711530685424805e-01,6.058413028717041016e+00
-1.239894747734069824e+00,1.100468873977661133e+00,5.519819259643554688e+00
-1.239018559455871582e+00,9.613960981369018555e-01,5.699019432067871094e+00
-1.238451242446899414e+00,1.332630157470703125e+00,5.219904422760009766e+00
-1.237900376319885254e+00,1.566232442855834961e+00,4.918366432189941406e+00
-1.235934972763061523e+00,1.147302150726318359e+00,5.458349227905273438e+00
-1.235521197319030762e+00,8.219132423400878906e-01,5.878055095672607422e+00
-1.233269929885864258e+00,4.944445788860321045e-01,6.299959182739257812e+00
-1.233068943023681641e+00,2.536936402320861816e-01,6.540040969848632812e+00
-1.233042836189270020e+00,3.564720451831817627e-01,6.477911949157714844e+00
-1.232062458992004395e+00,1.193103909492492676e+00,5.398232460021972656e+00
-1.230828046798706055e+00,6.347319483757019043e-01,6.118316173553466797e+00
-1.228274226188659668e+00,1.237907648086547852e+00,5.339425086975097656e+00
-1.223075389862060547e+00,1.608848333358764648e+00,4.859464645385742188e+00
-1.222867965698242188e+00,8.659794926643371582e-01,5.817856788635253906e+00
-1.222815394401550293e+00,1.051721930503845215e+00,5.578198909759521484e+00
-1.221895933151245117e+00,3.995773196220397949e-01,6.419351100921630859e+00
-1.220821261405944824e+00,5.853253006935119629e-01,6.179415225982666016e+00
-1.219200849533081055e+00,1.421634435653686523e+00,5.099983692169189453e+00
-1.214575171470642090e+00,1.281257867813110352e+00,5.279874801635742188e+00
-1.213595628738403320e+00,1.468132615089416504e+00,5.038509845733642578e+00
-1.210471272468566895e+00,9.091523289680480957e-01,5.758879184722900391e+00
-1.208123922348022461e+00,1.513523340225219727e+00,4.978500843048095703e+00
-1.205416560173034668e+00,1.372964859008789062e+00,5.159133911132812500e+00
-1.205370545387268066e+00,1.001932501792907715e+00,5.637825489044189453e+00
-1.202781081199645996e+00,1.557845592498779297e+00,4.919904708862304688e+00
-1.199937343597412109e+00,6.629790663719177246e-01,6.073706626892089844e+00
-1.199582815170288086e+00,9.087748527526855469e-01,5.756488323211669922e+00
-1.199295997619628906e+00,1.813569515943527222e-01,6.485028266906738281e+00
-1.199070096015930176e+00,9.847435355186462402e-02,6.421161174774169922e+00
-1.199067473411560059e+00,1.265947818756103516e+00,5.295528411865234375e+00
-1.198235750198364258e+00,1.026336908340454102e+00,5.604453563690185547e+00
-1.197814226150512695e+00,2.537241876125335693e-01,6.540828704833984375e+00
-1.197711944580078125e+00,3.009029924869537354e-01,6.540270328521728516e+00
-1.197187185287475586e+00,5.728168878704309464e-03,6.349728584289550781e+00
-1.196896314620971680e+00,1.206587672233581543e+00,5.371541500091552734e+00
-1.196184277534484863e+00,5.447412133216857910e-01,6.225265502929687500e+00
-1.196106910705566406e+00,2.415782362222671509e-01,6.531506061553955078e+00
-1.194768190383911133e+00,8.473906517028808594e-01,5.834413051605224609e+00
-1.194661617279052734e+00,1.145498514175415039e+00,5.449767589569091797e+00
-1.194050550460815430e+00,6.345196068286895752e-02,6.394280910491943359e+00
-1.193584918975830078e+00,3.668090105056762695e-01,6.454146385192871094e+00
-1.193553209304809570e+00,7.290935516357421875e-01,5.986719131469726562e+00
-1.193532347679138184e+00,9.681442975997924805e-01,5.678291320800781250e+00
-1.193491101264953613e+00,1.440420269966125488e+00,5.068950653076171875e+00
-1.192360758781433105e+00,1.082603812217712402e+00,5.530305862426757812e+00
-1.192272901535034180e+00,6.044546365737915039e-01,6.147189140319824219e+00
-1.192239165306091309e+00,4.204514920711517334e-01,6.384581089019775391e+00
-1.191418051719665527e+00,1.563459515571594238e+00,4.909658432006835938e+00
-1.191391944885253906e+00,1.506099343299865723e+00,4.983657836914062500e+00
-1.191337347030639648e+00,1.386030554771423340e+00,5.138555049896240234e+00
-1.191308856010437012e+00,1.323153257369995117e+00,5.219671726226806641e+00
-1.190869331359863281e+00,1.219914928078651428e-01,6.439462184906005859e+00
-1.189821720123291016e+00,7.843219637870788574e-01,5.914477825164794922e+00
-1.189072728157043457e+00,2.872156165540218353e-02,6.367624282836914062e+00
-1.188279628753662109e+00,4.832715988159179688e-01,6.302483558654785156e+00
-1.187549233436584473e+00,9.510675668716430664e-01,5.698742389678955078e+00
-1.185923695564270020e+00,6.722056269645690918e-01,6.058099269866943359e+00
-1.185352563858032227e+00,3.007611036300659180e-01,6.537186622619628906e+00
-1.180052757263183594e+00,1.228218197822570801e+00,5.339181900024414062e+00
-1.176373839378356934e+00,4.830520451068878174e-01,6.299620151519775391e+00
-1.175572633743286133e+00,6.236605644226074219e-01,6.117996692657470703e+00
-1.174539804458618164e+00,3.447654247283935547e-01,6.477553844451904297e+00
-1.173142313957214355e+00,1.412371158599853516e+00,5.099761486053466797e+00
-1.172437906265258789e+00,1.041607856750488281e+00,5.577933311462402344e+00
-1.170326352119445801e+00,8.554403781890869141e-01,5.817568302154541016e+00
-1.168092489242553711e+00,1.458979249000549316e+00,5.038293361663818359e+00
-1.166892170906066895e+00,1.271674275398254395e+00,5.279636383056640625e+00
-1.165100693702697754e+00,9.921163320541381836e-01,5.639847278594970703e+00
-1.165014743804931641e+00,5.741459727287292480e-01,6.179089546203613281e+00
-1.163922429084777832e+00,3.879741132259368896e-01,6.418999195098876953e+00
-1.163162827491760254e+00,1.504477143287658691e+00,4.978289127349853516e+00
-1.158824324607849121e+00,1.363596558570861816e+00,5.158905982971191406e+00
-1.158462762832641602e+00,8.987177610397338867e-01,5.758595943450927734e+00
-1.158349275588989258e+00,1.548903942108154297e+00,4.919697761535644531e+00
-1.147647142410278320e+00,1.127944946289062500e+00,5.459989070892333984e+00
-1.144745945930480957e+00,1.173973441123962402e+00,5.399837017059326172e+00
-1.144170522689819336e+00,1.313677310943603516e+00,5.219439506530761719e+00
-1.142468571662902832e+00,5.233969092369079590e-01,6.238606452941894531e+00
-1.141894698143005371e+00,7.089487910270690918e-01,5.999056816101074219e+00
-1.141494154930114746e+00,4.302113354206085205e-01,6.358577728271484375e+00
-1.141161203384399414e+00,7.554165124893188477e-01,5.938910007476806641e+00
-1.140442252159118652e+00,8.009617924690246582e-01,5.879957675933837891e+00
-1.140197396278381348e+00,1.080449104309082031e+00,5.519299507141113281e+00
-1.139973640441894531e+00,9.661659598350524902e-01,5.666687965393066406e+00
-1.139131426811218262e+00,1.263053655624389648e+00,5.283421993255615234e+00
-1.139037609100341797e+00,2.537752091884613037e-01,6.542144298553466797e+00
-1.137471914291381836e+00,5.435211062431335449e-01,6.211321830749511719e+00
-1.137413620948791504e+00,2.416267246007919312e-01,6.532816886901855469e+00
-1.137091636657714844e+00,7.275230288505554199e-01,5.973823070526123047e+00
-1.136590242385864258e+00,6.346442550420761108e-02,6.395537376403808594e+00
-1.136106610298156738e+00,1.203789591789245605e+00,5.359084606170654297e+00
-1.136032104492187500e+00,3.001950383186340332e-01,6.524882316589355469e+00
-1.135856270790100098e+00,1.560145020484924316e+00,4.899250507354736328e+00
-1.134994506835937500e+00,1.502858281135559082e+00,4.972932815551757812e+00
-1.134813547134399414e+00,1.023854017257690430e+00,5.590895175933837891e+00
-1.134304046630859375e+00,6.031177639961242676e-01,6.133593082427978516e+00
-1.134106516838073730e+00,1.443822383880615234e+00,5.048866271972656250e+00
-1.134047746658325195e+00,7.826526761054992676e-01,5.901889801025390625e+00
-1.133190989494323730e+00,1.382955551147460938e+00,5.127154827117919922e+00
-1.133002281188964844e+00,1.220156326889991760e-01,6.440736770629882812e+00
-1.132994055747985840e+00,1.142803549766540527e+00,5.436946392059326172e+00
-1.132725238800048828e+00,3.659573495388031006e-01,6.439161300659179688e+00
-1.132246613502502441e+00,1.320171356201171875e+00,5.207908630371093750e+00
-1.131214380264282227e+00,6.612412333488464355e-01,6.057786464691162109e+00
-1.130280017852783203e+00,1.721238717436790466e-02,6.360030651092529297e+00
-1.129826188087463379e+00,9.849767386913299561e-02,6.422681808471679688e+00
-1.129789710044860840e+00,1.080019235610961914e+00,5.517103195190429688e+00
-1.129503846168518066e+00,4.300141334533691406e-01,6.355662822723388672e+00
-1.129363298416137695e+00,1.814003139734268188e-01,6.486579418182373047e+00
-1.128858566284179688e+00,4.821757972240447998e-01,6.288192749023437500e+00
-1.128713369369506836e+00,5.729509983211755753e-03,6.351215362548828125e+00
-1.120322823524475098e+00,6.125903129577636719e-01,6.117676734924316406e+00
-1.119483947753906250e+00,4.716607630252838135e-01,6.299281597137451172e+00
-1.119213461875915527e+00,1.262091755867004395e+00,5.279398441314697266e+00
-1.116043329238891602e+00,3.330600261688232422e-01,6.477196216583251953e+00
-1.114169359207153320e+00,9.818935394287109375e-01,5.639576435089111328e+00
-1.113921284675598145e+00,1.539963006973266602e+00,4.919491291046142578e+00
-1.112236142158508301e+00,1.354228973388671875e+00,5.158679008483886719e+00
-1.109213829040527344e+00,5.629678368568420410e-01,6.178763389587402344e+00
-1.105955243110656738e+00,3.763722181320190430e-01,6.418648242950439453e+00
-1.098340630531311035e+00,1.118041753768920898e+00,5.459734916687011719e+00
-1.097036480903625488e+00,1.304202079772949219e+00,5.219206809997558594e+00
-1.090355753898620605e+00,1.070440649986267090e+00,5.519039154052734375e+00
-1.087720751762390137e+00,6.980893611907958984e-01,5.998749256134033203e+00
-1.087530255317687988e+00,7.446636557579040527e-01,5.938608646392822266e+00
-1.086581826210021973e+00,1.441198348999023438e+00,5.039690494537353516e+00
-1.084073901176452637e+00,4.187163710594177246e-01,6.358232975006103516e+00
-1.082622051239013672e+00,1.486920714378356934e+00,4.979654312133789062e+00
-1.082195639610290527e+00,1.021793842315673828e+00,5.579646110534667969e+00
-1.081036925315856934e+00,1.393847584724426270e+00,5.099317550659179688e+00
-1.079107284545898438e+00,6.347689777612686157e-02,6.396794319152832031e+00
-1.078696846961975098e+00,2.416752427816390991e-01,6.534128665924072266e+00
-1.077097654342651367e+00,1.440674781799316406e+00,5.037859916687011719e+00
-1.076957821846008301e+00,1.505953550338745117e+00,4.953600883483886719e+00
-1.075991272926330566e+00,9.638026952743530273e-01,5.652826786041259766e+00
-1.075789332389831543e+00,1.085704445838928223e+00,5.495495796203613281e+00
-1.075112342834472656e+00,1.220397800207138062e-01,6.442011833190917969e+00
-1.073368906974792480e+00,1.386626720428466797e+00,5.106606960296630859e+00
-1.073115229606628418e+00,1.721575111150741577e-02,6.361274242401123047e+00
-1.072222948074340820e+00,2.547270059585571289e-01,6.566681385040283203e+00
-1.072184681892395020e+00,3.105234503746032715e-01,6.494681835174560547e+00
-1.072147250175476074e+00,3.651095926761627197e-01,6.424244403839111328e+00
-1.072097897529602051e+00,9.851709753274917603e-02,6.423948764801025391e+00
-1.071697354316711426e+00,1.021382927894592285e+00,5.577401638031005859e+00
-1.071627378463745117e+00,5.730628035962581635e-03,6.352455139160156250e+00
-1.071490049362182617e+00,1.324155807495117188e+00,5.186710357666015625e+00
-1.071060419082641602e+00,1.814364641904830933e-01,6.487872123718261719e+00
-1.069738745689392090e+00,3.215062022209167480e-01,6.479866027832031250e+00
-1.069717049598693848e+00,4.290309250354766846e-01,6.341130733489990234e+00
-1.069706559181213379e+00,4.810849726200103760e-01,6.273966789245605469e+00
-1.065652251243591309e+00,1.344862341880798340e+00,5.158452033996582031e+00
-1.063242912292480469e+00,9.716716408729553223e-01,5.639304637908935547e+00
-1.062600255012512207e+00,4.602707326412200928e-01,6.298943042755126953e+00
-1.049906492233276367e+00,1.294727563858032227e+00,5.218973636627197266e+00
-1.047994613647460938e+00,3.647716045379638672e-01,6.418297290802001953e+00
-1.041073441505432129e+00,1.432044148445129395e+00,5.039474487304687500e+00
-1.037655830383300781e+00,1.477873444557189941e+00,4.979442596435546875e+00
-1.034990429878234863e+00,1.384587049484252930e+00,5.099095821380615234e+00
-1.026659846305847168e+00,4.072225689888000488e-01,6.357888221740722656e+00
-1.019956350326538086e+00,2.417237758636474609e-01,6.535440921783447266e+00
-1.018534064292907715e+00,1.444054961204528809e+00,5.018020153045654297e+00
-1.017199516296386719e+00,1.220639422535896301e-01,6.443286895751953125e+00
-1.015927910804748535e+00,1.721911691129207611e-02,6.362517356872558594e+00
-1.015843510627746582e+00,1.383569478988647461e+00,5.095348358154296875e+00
-1.014519333839416504e+00,5.731747020035982132e-03,6.353695392608642578e+00
-1.014346957206726074e+00,9.853656589984893799e-02,6.425218105316162109e+00
-1.013068318367004395e+00,1.321190357208251953e+00,5.175095081329345703e+00
-1.012734532356262207e+00,1.814726591110229492e-01,6.489165782928466797e+00
-1.011849284172058105e+00,3.642657697200775146e-01,6.409397125244140625e+00
-1.011227250099182129e+00,3.097979128360748291e-01,6.479507923126220703e+00
-1.010203123092651367e+00,4.280521273612976074e-01,6.326663970947265625e+00
-1.010097980499267578e+00,6.349187344312667847e-02,6.398303508758544922e+00
-1.005722641944885254e+00,4.488819241523742676e-01,6.298604965209960938e+00
-9.996508359909057617e-01,1.695314198732376099e-01,6.480247497558593750e+00
-9.955687522888183594e-01,1.422890543937683105e+00,5.039257526397705078e+00
-9.926933050155639648e-01,1.468826770782470703e+00,4.979230403900146484e+00
-9.900401234626770020e-01,3.531722426414489746e-01,6.417946338653564453e+00
-9.889476895332336426e-01,1.375327348709106445e+00,5.098873615264892578e+00
-9.882972836494445801e-01,2.426358759403228760e-01,6.560101032257080078e+00
-9.692519307136535645e-01,3.957300484180450439e-01,6.357543468475341797e+00
-9.592637419700622559e-01,1.220881119370460510e-01,6.444562911987304688e+00
-9.587181806564331055e-01,1.722248271107673645e-02,6.363761425018310547e+00
-9.573886394500732422e-01,5.732866004109382629e-03,6.354935646057128906e+00
-9.565731287002563477e-01,9.855601936578750610e-02,6.426486492156982422e+00
-9.543852210044860840e-01,1.815088540315628052e-01,6.490459918975830078e+00
-9.530353546142578125e-01,1.695584356784820557e-01,6.481279850006103516e+00
-9.527220726013183594e-01,2.980909645557403564e-01,6.479149341583251953e+00
-9.525653123855590820e-01,6.350435316562652588e-02,6.399561405181884766e+00
-9.518295526504516602e-01,3.634258508682250977e-01,6.394618034362792969e+00
-9.514392018318176270e-01,2.422919869422912598e-01,6.550803184509277344e+00
-9.509599208831787109e-01,4.270778298377990723e-01,6.312263488769531250e+00
-9.505537748336791992e-01,3.090758025646209717e-01,6.464404106140136719e+00
-9.488513469696044922e-01,4.374943375587463379e-01,6.298267364501953125e+00
-9.320920705795288086e-01,3.415741026401519775e-01,6.417594909667968750e+00
-9.118503332138061523e-01,3.842388093471527100e-01,6.357199192047119141e+00
-9.024572968482971191e-01,2.418349683284759521e-01,6.538446903228759766e+00
-8.987764716148376465e-01,9.857548028230667114e-02,6.427755832672119141e+00
-8.960126042366027832e-01,1.815450340509414673e-01,6.491754055023193359e+00
-8.950100541114807129e-01,6.351684778928756714e-02,6.400819778442382812e+00
-8.947450518608093262e-01,1.695922017097473145e-01,6.482570648193359375e+00
-8.942235112190246582e-01,2.863852977752685547e-01,6.478791713714599609e+00
-8.922937512397766113e-01,2.304599732160568237e-01,6.550436973571777344e+00
-8.920858502388000488e-01,3.625897765159606934e-01,6.379907131195068359e+00
-8.902408480644226074e-01,2.417210042476654053e-01,6.535366058349609375e+00
-8.901627659797668457e-01,3.083570301532745361e-01,6.449370861053466797e+00
-8.897104859352111816e-01,1.221171319484710693e-01,6.446094512939453125e+00
-8.741503357887268066e-01,3.299772739410400391e-01,6.417243957519531250e+00
-8.663213253021240234e-01,3.729197680950164795e-01,6.359770298004150391e+00
-8.397787809371948242e-01,8.687366545200347900e-02,6.420018196105957031e+00
-8.376168608665466309e-01,1.815812736749649048e-01,6.493050098419189453e+00
-8.364316225051879883e-01,1.696259826421737671e-01,6.483862400054931641e+00
-8.357313275337219238e-01,2.746809422969818115e-01,6.478433609008789062e+00
-8.326166272163391113e-01,3.617575466632843018e-01,6.365263938903808594e+00
-8.317241668701171875e-01,1.221413165330886841e-01,6.447371006011962891e+00
-8.300517797470092773e-01,3.076415359973907471e-01,6.434406757354736328e+00
-8.293300271034240723e-01,2.411527037620544434e-01,6.520000934600830078e+00
-8.281756639480590820e-01,3.185291290283203125e-01,6.419863700866699219e+00
