-1.464766025543212891e+00,5.419097542762756348e-01,5.947644233703613281e+00
-1.475672841072082520e+00,5.409049987792968750e-01,5.821342468261718750e+00
-1.469749212265014648e+00,5.465132594108581543e-01,5.881699085235595703e+00
-1.483293771743774414e+00,5.426684617996215820e-01,5.729076862335205078e+00
-1.477542519569396973e+00,5.482048392295837402e-01,5.787525653839111328e+00
-1.450103640556335449e+00,6.028520464897155762e-01,6.020424842834472656e+00
-1.461456298828125000e+00,6.005256772041320801e-01,5.891047000885009766e+00
-1.455311655998229980e+00,6.068273186683654785e-01,5.952865600585937500e+00
-1.469394922256469727e+00,6.013537645339965820e-01,5.796576499938964844e+00
-1.466428637504577637e+00,6.044418811798095703e-01,5.826344013214111328e+00
-1.477082967758178711e+00,6.021557450294494629e-01,5.705088615417480469e+00
-1.481733918190002441e+00,6.059324145317077637e-01,5.644384384155273438e+00
-1.438347697257995605e+00,6.617493033409118652e-01,6.062440872192382812e+00
-1.446895003318786621e+00,6.615913510322570801e-01,5.962440967559814453e+00
-1.440520286560058594e+00,6.686188578605651855e-01,6.025774478912353516e+00
-1.437281966209411621e+00,6.721889376640319824e-01,6.057949066162109375e+00
-1.455164551734924316e+00,6.614384651184082031e-01,5.865685939788818359e+00
-1.452088832855224609e+00,6.648758649826049805e-01,5.896168708801269531e+00
-1.463170170783996582e+00,6.612904667854309082e-01,5.772020816802978516e+00
-1.295359373092651367e+00,6.941378116607666016e-01,6.058726310729980469e+00
-1.470924019813537598e+00,6.611471176147460938e-01,5.681300163269042969e+00
-1.468024730682373047e+00,6.644743680953979492e-01,5.709891796112060547e+00
-1.350085854530334473e+00,7.051056027412414551e-01,6.059039592742919922e+00
-1.478438138961791992e+00,6.610082387924194336e-01,5.593387603759765625e+00
-1.439502716064453125e+00,7.062728404998779297e-01,5.976412773132324219e+00
-1.435230851173400879e+00,7.203233838081359863e-01,6.003648757934570312e+00
-1.378806352615356445e+00,7.248271107673645020e-01,6.041185379028320312e+00
-1.309983968734741211e+00,7.229372859001159668e-01,6.025434017181396484e+00
-1.252905607223510742e+00,7.213699221611022949e-01,6.012370586395263672e+00
-1.440590858459472656e+00,7.229731082916259766e-01,5.936462879180908203e+00
-1.437401056289672852e+00,7.267758250236511230e-01,5.967687606811523438e+00
-1.250259041786193848e+00,7.306709885597229004e-01,5.999670982360839844e+00
-1.193553209304809570e+00,7.290935516357421875e-01,5.986719131469726562e+00
-1.448926806449890137e+00,7.218289971351623535e-01,5.840541839599609375e+00
-1.439545631408691406e+00,7.331514358520507812e-01,5.932155132293701172e+00
-1.304449677467346191e+00,7.415336370468139648e-01,5.999978065490722656e+00
-1.456997752189636230e+00,7.207213044166564941e-01,5.747671604156494141e+00
-1.453993558883666992e+00,7.243911027908325195e-01,5.776937484741210938e+00
-1.347237110137939453e+00,7.520720958709716797e-01,5.997690677642822266e+00
-1.461898446083068848e+00,7.232550382614135742e-01,5.686063766479492188e+00
-1.469558477401733398e+00,7.221541404724121094e-01,5.598004341125488281e+00
-1.429697155952453613e+00,7.822871208190917969e-01,5.980500698089599609e+00
-1.372785925865173340e+00,7.806037664413452148e-01,5.967631340026855469e+00
-1.248438954353332520e+00,7.769255042076110840e-01,5.939512252807617188e+00
-1.434341430664062500e+00,7.838222384452819824e-01,5.910709381103515625e+00
-1.313365459442138672e+00,7.880193591117858887e-01,5.942359447479248047e+00
-1.302086353302001953e+00,7.876818180084228516e-01,5.939814090728759766e+00
-1.257065057754516602e+00,7.863343358039855957e-01,5.929653167724609375e+00
-1.189821720123291016e+00,7.843219637870788574e-01,5.914477825164794922e+00
-1.442742347717285156e+00,7.817040681838989258e-01,5.815612792968750000e+00
-1.439629197120666504e+00,7.857316732406616211e-01,5.845576286315917969e+00
-1.344445347785949707e+00,7.980970144271850586e-01,5.937571048736572266e+00
-1.447854876518249512e+00,7.836059927940368652e-01,5.752547264099121094e+00
-1.140442252159118652e+00,8.009617924690246582e-01,5.879957675933837891e+00
-1.455822944641113281e+00,7.815470695495605469e-01,5.662432670593261719e+00
-1.460664153099060059e+00,7.834011316299438477e-01,5.602629184722900391e+00
-1.439669966697692871e+00,8.114503026008605957e-01,5.803227901458740234e+00
-1.235521197319030762e+00,8.219132423400878906e-01,5.878055095672607422e+00
-1.288612484931945801e+00,8.325603604316711426e-01,5.878350257873535156e+00
-1.431415438652038574e+00,8.460782766342163086e-01,5.898652076721191406e+00
-1.375277638435363770e+00,8.442824482917785645e-01,5.886132240295410156e+00
-1.341709256172180176e+00,8.432085514068603516e-01,5.878645420074462891e+00
-1.319377660751342773e+00,8.424942493438720703e-01,5.873665332794189453e+00
-1.252609610557556152e+00,8.403583765029907227e-01,5.858774185180664062e+00
-1.436610698699951172e+00,8.410701751708984375e-01,5.790895938873291016e+00
-1.433478951454162598e+00,8.453851342201232910e-01,5.820604801177978516e+00
-1.194768190383911133e+00,8.473906517028808594e-01,5.834413051605224609e+00
-1.441767692565917969e+00,8.423230648040771484e-01,5.728362083435058594e+00
-1.438696384429931641e+00,8.465975522994995117e-01,5.757431507110595703e+00
-1.170326352119445801e+00,8.554403781890869141e-01,5.817568302154541016e+00
-1.446814656257629395e+00,8.435491919517517090e-01,5.667164802551269531e+00
-1.222867965698242188e+00,8.659794926643371582e-01,5.817856788635253906e+00
-1.454682469367980957e+00,8.405950665473937988e-01,5.579685688018798828e+00
-1.451755046844482422e+00,8.447494506835937500e-01,5.607261657714843750e+00
-1.275414943695068359e+00,8.765197396278381348e-01,5.818145751953125000e+00
-1.327967166900634766e+00,8.870610594749450684e-01,5.818435192108154297e+00
-1.439789175987243652e+00,8.864182829856872559e-01,5.679786205291748047e+00
-1.427381277084350586e+00,9.045310020446777344e-01,5.795845031738281250e+00
-1.377702236175537109e+00,9.062451720237731934e-01,5.806828022003173828e+00
-1.311545729637145996e+00,9.039737582206726074e-01,5.792273998260498047e+00
-1.256668090820312500e+00,9.020895361900329590e-01,5.780200958251953125e+00
-1.435731768608093262e+00,9.005485773086547852e-01,5.704380512237548828e+00
-1.210471272468566895e+00,9.091523289680480957e-01,5.758879184722900391e+00
-1.199582815170288086e+00,9.087748527526855469e-01,5.756488323211669922e+00
-1.440821886062622070e+00,9.011500477790832520e-01,5.643690586090087891e+00
-1.437791585922241211e+00,9.056552052497863770e-01,5.671905517578125000e+00
-1.262484908103942871e+00,9.195878505706787109e-01,5.759162425994873047e+00
-1.445805072784423828e+00,9.017390608787536621e-01,5.584280490875244141e+00
-1.439827799797058105e+00,9.107038378715515137e-01,5.639797210693359375e+00
-1.366527557373046875e+00,9.404618740081787109e-01,5.759728431701660156e+00
-1.426639676094055176e+00,9.631105065345764160e-01,5.709181785583496094e+00
-1.369159102439880371e+00,9.661612510681152344e-01,5.727266788482666016e+00
-1.314777374267578125e+00,9.641700983047485352e-01,5.715463161468505859e+00
-1.249814510345458984e+00,9.617914557456970215e-01,5.701362609863281250e+00
-1.239018559455871582e+00,9.613960981369018555e-01,5.699019432067871094e+00
-1.431831002235412598e+00,9.630464911460876465e-01,5.648391723632812500e+00
-1.290492892265319824e+00,9.717257022857666016e-01,5.699296474456787109e+00
-1.341972351074218750e+00,9.820563197135925293e-01,5.699574470520019531e+00
-1.425493717193603516e+00,1.026968598365783691e+00,5.663702964782714844e+00
