-1.477786540985107422e+00,1.101095899939537048e-01,6.424079418182373047e+00
-1.431650757789611816e+00,1.101269796490669250e-01,6.425094127655029297e+00
-1.373960375785827637e+00,1.101487129926681519e-01,6.426362514495849609e+00
-1.316247344017028809e+00,1.101704835891723633e-01,6.427631855010986328e+00
-1.479861140251159668e+00,1.218709200620651245e-01,6.433097839355468750e+00
-1.433660745620727539e+00,1.218901872634887695e-01,6.434115409851074219e+00
-1.375889778137207031e+00,1.219142898917198181e-01,6.435387134552001953e+00
-1.318096041679382324e+00,1.219384074211120605e-01,6.436660289764404297e+00
-1.248713374137878418e+00,1.219673529267311096e-01,6.438188552856445312e+00
-1.472114801406860352e+00,1.803777068853378296e-01,6.450011730194091797e+00
-1.432163357734680176e+00,1.812125146389007568e-01,6.479863643646240234e+00
-1.420528888702392578e+00,1.812197268009185791e-01,6.480121612548828125e+00
-1.373981356620788574e+00,1.812486052513122559e-01,6.481153964996337891e+00
-1.315776109695434570e+00,1.812846958637237549e-01,6.482444763183593750e+00
-1.257547616958618164e+00,1.813208162784576416e-01,6.483736038208007812e+00
-1.199295997619628906e+00,1.813569515943527222e-01,6.485028266906738281e+00
-1.483752846717834473e+00,1.876009255647659302e-01,6.301739215850830078e+00
-1.477425456047058105e+00,1.897083222866058350e-01,6.372528553009033203e+00
-1.467663049697875977e+00,1.929596811532974243e-01,6.481745719909667969e+00
-1.459678053855895996e+00,2.403485774993896484e-01,6.498260021209716797e+00
-1.430644750595092773e+00,2.413844913244247437e-01,6.526267528533935547e+00
-1.372045397758483887e+00,2.414328753948211670e-01,6.527575969696044922e+00
-1.313422918319702148e+00,2.414813339710235596e-01,6.528885841369628906e+00
-1.254776597023010254e+00,2.415297627449035645e-01,6.530195713043212891e+00
-1.196106910705566406e+00,2.415782362222671509e-01,6.531506061553955078e+00
-1.137413620948791504e+00,2.416267246007919312e-01,6.532816886901855469e+00
-1.474890112876892090e+00,2.448659241199493408e-01,6.312469005584716797e+00
-1.468452095985412598e+00,2.476213127374649048e-01,6.383501529693603516e+00
-1.461867213249206543e+00,2.504394054412841797e-01,6.456149578094482422e+00
-1.233068943023681641e+00,2.536936402320861816e-01,6.540040969848632812e+00
-1.197814226150512695e+00,2.537241876125335693e-01,6.540828704833984375e+00
-1.139037609100341797e+00,2.537752091884613037e-01,6.542144298553466797e+00
-1.446481585502624512e+00,2.656802833080291748e-01,6.544646739959716797e+00
-1.434731245040893555e+00,2.656909823417663574e-01,6.544909954071044922e+00
-1.375965476036071777e+00,2.657444179058074951e-01,6.546226024627685547e+00
-1.317176222801208496e+00,2.657978832721710205e-01,6.547543525695800781e+00
-1.447053670883178711e+00,3.012234270572662354e-01,6.547235488891601562e+00
-1.429103851318359375e+00,3.024244606494903564e-01,6.573340415954589844e+00
-1.371973276138305664e+00,3.029031753540039062e-01,6.583745479583740234e+00
-1.309471726417541504e+00,3.021857738494873047e-01,6.568152427673339844e+00
-1.259683251380920410e+00,3.016142845153808594e-01,6.555730819702148438e+00
-1.197711944580078125e+00,3.009029924869537354e-01,6.540270328521728516e+00
-1.185352563858032227e+00,3.007611036300659180e-01,6.537186622619628906e+00
-1.136032104492187500e+00,3.001950383186340332e-01,6.524882316589355469e+00
-1.469217419624328613e+00,3.006506562232971191e-01,6.288189888000488281e+00
-1.465997099876403809e+00,3.023262619972229004e-01,6.323235511779785156e+00
-1.459447622299194336e+00,3.057340979576110840e-01,6.394511699676513672e+00
-1.456117272377014160e+00,3.074670135974884033e-01,6.430756092071533203e+00
-1.449341893196105957e+00,3.109923899173736572e-01,6.504490375518798828e+00
-1.244394779205322266e+00,3.125730752944946289e-01,6.537551403045654297e+00
-1.303443551063537598e+00,3.243863880634307861e-01,6.537915706634521484e+00
-1.362498760223388672e+00,3.362010121345520020e-01,6.538280010223388672e+00
-1.116043329238891602e+00,3.330600261688232422e-01,6.477196216583251953e+00
-1.421560645103454590e+00,3.480169177055358887e-01,6.538644313812255859e+00
-1.174539804458618164e+00,3.447654247283935547e-01,6.477553844451904297e+00
-1.233042836189270020e+00,3.564720451831817627e-01,6.477911949157714844e+00
-1.453761816024780273e+00,3.620039224624633789e-01,6.369598865509033203e+00
-1.447024941444396973e+00,3.661147356033325195e-01,6.441930294036865234e+00
-1.439883947372436523e+00,3.702558577060699463e-01,6.514794826507568359e+00
-1.377876043319702148e+00,3.693880438804626465e-01,6.499526023864746094e+00
-1.316158294677734375e+00,3.685243427753448486e-01,6.484328269958496094e+00
-1.291551947593688965e+00,3.681800067424774170e-01,6.478269577026367188e+00
-1.254728674888610840e+00,3.676646947860717773e-01,6.469202518463134766e+00
-1.193584918975830078e+00,3.668090105056762695e-01,6.454146385192871094e+00
-1.132725238800048828e+00,3.659573495388031006e-01,6.439161300659179688e+00
-1.462467551231384277e+00,3.670285344123840332e-01,6.259300708770751953e+00
-1.455945730209350586e+00,3.711234033107757568e-01,6.329135417938232422e+00
-1.350067853927612305e+00,3.798892199993133545e-01,6.478627204895019531e+00
-1.105955243110656738e+00,3.763722181320190430e-01,6.418648242950439453e+00
-1.445685625076293945e+00,3.921495378017425537e-01,6.488080978393554688e+00
-1.408590197563171387e+00,3.915998041629791260e-01,6.478985309600830078e+00
-1.163922429084777832e+00,3.879741132259368896e-01,6.418999195098876953e+00
-1.221895933151245117e+00,3.995773196220397949e-01,6.419351100921630859e+00
-1.279875755310058594e+00,4.111818075180053711e-01,6.419703006744384766e+00
-1.444752216339111328e+00,4.201868772506713867e-01,6.380563259124755859e+00
-1.435846447944641113e+00,4.243594408035278320e-01,6.443923473358154297e+00
-1.374521017074584961e+00,4.233756661415100098e-01,6.428985118865966797e+00
-1.325664997100830078e+00,4.225918948650360107e-01,6.417083263397216797e+00
-1.313479065895080566e+00,4.223963618278503418e-01,6.414113998413085938e+00
-1.252719283103942871e+00,4.214217066764831543e-01,6.399313926696777344e+00
-1.192239165306091309e+00,4.204514920711517334e-01,6.384581089019775391e+00
-1.456890106201171875e+00,4.218793809413909912e-01,6.235429763793945312e+00
-1.453629016876220703e+00,4.242107868194580078e-01,6.269888877868652344e+00
-1.450331449508666992e+00,4.265680909156799316e-01,6.304729461669921875e+00
-1.444866061210632324e+00,4.352006316184997559e-01,6.432320117950439453e+00
-1.383630037307739258e+00,4.341935515403747559e-01,6.417434692382812500e+00
-1.141494154930114746e+00,4.302113354206085205e-01,6.358577728271484375e+00
-1.129503846168518066e+00,4.300141334533691406e-01,6.355662822723388672e+00
-1.256353378295898438e+00,4.532051086425781250e-01,6.359267234802246094e+00
-1.313792467117309570e+00,4.647038877010345459e-01,6.359612464904785156e+00
-1.371237754821777344e+00,4.762039184570312500e-01,6.359958171844482422e+00
-1.444760560989379883e+00,4.815868437290191650e-01,6.280512332916259766e+00
-1.441407918930053711e+00,4.842675030231475830e-01,6.315471649169921875e+00
-1.440825819969177246e+00,4.879290163516998291e-01,6.363222599029541016e+00
-1.428689360618591309e+00,4.877051711082458496e-01,6.360303401947021484e+00
-1.416564106941223145e+00,4.874815940856933594e-01,6.357387065887451172e+00
-1.368174433708190918e+00,4.865892231464385986e-01,6.345749378204345703e+00
-1.319961428642272949e+00,4.857000708580017090e-01,6.334154129028320312e+00
-1.259942412376403809e+00,4.845932126045227051e-01,6.319718837738037109e+00
-1.188279628753662109e+00,4.832715988159179688e-01,6.302483558654785156e+00
-1.233269929885864258e+00,4.944445788860321045e-01,6.299959182739257812e+00
-1.278223991394042969e+00,5.056086182594299316e-01,6.297437191009521484e+00
-1.335105657577514648e+00,5.169984102249145508e-01,6.297775268554687500e+00
-1.391993641853332520e+00,5.283893942832946777e-01,6.298114299774169922e+00
-1.373913407325744629e+00,5.484346151351928711e-01,6.267473220825195312e+00
