-1.438047289848327637e+00,1.022940874099731445e+00,5.477969169616699219e+00
-1.442914009094238281e+00,1.022267937660217285e+00,5.421978950500488281e+00
-1.447682142257690430e+00,1.021608591079711914e+00,5.367121696472167969e+00
-1.439054250717163086e+00,1.036315441131591797e+00,5.444386005401611328e+00
-1.452354907989501953e+00,1.020962357521057129e+00,5.313363075256347656e+00
-1.456934809684753418e+00,1.020328879356384277e+00,5.260670661926269531e+00
-1.424255132675170898e+00,1.084432840347290039e+00,5.539649486541748047e+00
-1.318405866622924805e+00,1.087810158729553223e+00,5.556902408599853516e+00
-1.463173151016235352e+00,1.023753643035888672e+00,5.181920528411865234e+00
-1.429318547248840332e+00,1.083116769790649414e+00,5.482397556304931641e+00
-1.434278249740600586e+00,1.081827640533447266e+00,5.426317691802978516e+00
-1.239894747734069824e+00,1.100468873977661133e+00,5.519819259643554688e+00
-1.439137816429138184e+00,1.080564737319946289e+00,5.371372699737548828e+00
-1.279281973838806152e+00,1.110038399696350098e+00,5.517883300781250000e+00
-1.441059708595275879e+00,1.084409475326538086e+00,5.342569351196289062e+00
-1.329121947288513184e+00,1.120046734809875488e+00,5.518143177032470703e+00
-1.445777058601379395e+00,1.083140015602111816e+00,5.289299011230468750e+00
-1.450401544570922852e+00,1.081895589828491211e+00,5.237080574035644531e+00
-1.439178586006164551e+00,1.102247118949890137e+00,5.335595130920410156e+00
-1.454935550689697266e+00,1.080675601959228516e+00,5.185883045196533203e+00
-1.420575380325317383e+00,1.143390059471130371e+00,5.486833572387695312e+00
-1.373629331588745117e+00,1.145517468452453613e+00,5.497043132781982422e+00
-1.311003446578979492e+00,1.142799258232116699e+00,5.483998775482177734e+00
-1.259041905403137207e+00,1.140543937683105469e+00,5.473175525665283203e+00
-1.456709742546081543e+00,1.084387660026550293e+00,5.159029960632324219e+00
-1.425628662109375000e+00,1.141482830047607422e+00,5.430662631988525391e+00
-1.235934972763061523e+00,1.147302150726318359e+00,5.458349227905273438e+00
-1.194661617279052734e+00,1.145498514175415039e+00,5.449767589569091797e+00
-1.285235285758972168e+00,1.157204151153564453e+00,5.458602905273437500e+00
-1.432549118995666504e+00,1.143145322799682617e+00,5.346781730651855469e+00
-1.334540367126464844e+00,1.167107224464416504e+00,5.458858013153076172e+00
-1.437355279922485352e+00,1.141288757324218750e+00,5.293427467346191406e+00
-1.439258813858032227e+00,1.144757032394409180e+00,5.265451908111572266e+00
-1.144745945930480957e+00,1.173973441123962402e+00,5.399837017059326172e+00
-1.443926692008972168e+00,1.142912745475769043e+00,5.213701248168945312e+00
-1.441142439842224121e+00,1.148188948631286621e+00,5.237770080566406250e+00
-1.417307734489440918e+00,1.201523780822753906e+00,5.436327934265136719e+00
-1.232062458992004395e+00,1.193103909492492676e+00,5.398232460021972656e+00
-1.450302958488464355e+00,1.144488334655761719e+00,5.136340141296386719e+00
-1.373292207717895508e+00,1.207128763198852539e+00,5.417463779449462891e+00
-1.311571598052978516e+00,1.204305648803710938e+00,5.404793739318847656e+00
-1.280819535255432129e+00,1.202898979187011719e+00,5.398480892181396484e+00
-1.250139236450195312e+00,1.201495647430419922e+00,5.392183303833007812e+00
-1.454751491546630859e+00,1.142691254615783691e+00,5.087084293365478516e+00
-1.424024939537048340e+00,1.201973557472229004e+00,5.350999832153320312e+00
-1.329581141471862793e+00,1.212694883346557617e+00,5.398729324340820312e+00
-1.196896314620971680e+00,1.206587672233581543e+00,5.371541500091552734e+00
-1.136106610298156738e+00,1.203789591789245605e+00,5.359084606170654297e+00
-1.426020383834838867e+00,1.205155253410339355e+00,5.322413921356201172e+00
-1.439337015151977539e+00,1.186163544654846191e+00,5.197128772735595703e+00
-1.430869817733764648e+00,1.202691197395324707e+00,5.269543647766113281e+00
-1.435623526573181152e+00,1.200275421142578125e+00,5.217711925506591797e+00
-1.180052757263183594e+00,1.228218197822570801e+00,5.339181900024414062e+00
-1.228274226188659668e+00,1.237907648086547852e+00,5.339425086975097656e+00
-1.442128300666809082e+00,1.201000690460205078e+00,5.140233516693115234e+00
-1.276499867439270020e+00,1.247598052024841309e+00,5.339668273925781250e+00
-1.416349053382873535e+00,1.261662364006042480e+00,5.358485221862792969e+00
-1.324730157852172852e+00,1.257289409637451172e+00,5.339912414550781250e+00
-1.448442220687866211e+00,1.201704382896423340e+00,5.065021514892578125e+00
-1.437559127807617188e+00,1.223553657531738281e+00,5.157112598419189453e+00
-1.417530179023742676e+00,1.263764142990112305e+00,5.326594829559326172e+00
-1.372964859008789062e+00,1.266981720924377441e+00,5.340156078338623047e+00
-1.362805128097534180e+00,1.266493797302246094e+00,5.338099479675292969e+00
-1.312123656272888184e+00,1.264060616493225098e+00,5.327844142913818359e+00
-1.251562356948852539e+00,1.261152863502502441e+00,5.315588474273681641e+00
-1.450208067893981934e+00,1.204718351364135742e+00,5.039402008056640625e+00
-1.422467470169067383e+00,1.260715365409851074e+00,5.273640632629394531e+00
-1.199067473411560059e+00,1.265947818756103516e+00,5.295528411865234375e+00
-1.139131426811218262e+00,1.263053655624389648e+00,5.283421993255615234e+00
-1.119213461875915527e+00,1.262091755867004395e+00,5.279398441314697266e+00
-1.166892170906066895e+00,1.271674275398254395e+00,5.279636383056640625e+00
-1.429238200187683105e+00,1.260541200637817383e+00,5.194504737854003906e+00
-1.214575171470642090e+00,1.281257867813110352e+00,5.279874801635742188e+00
-1.439450383186340332e+00,1.246297359466552734e+00,5.097904682159423828e+00
-1.435808658599853516e+00,1.260372281074523926e+00,5.117708206176757812e+00
-1.299932241439819336e+00,1.299932241439819336e+00,5.278340816497802734e+00
-1.437657356262207031e+00,1.263117313385009766e+00,5.091554641723632812e+00
-1.347609519958496094e+00,1.309514522552490234e+00,5.278578281402587891e+00
-1.442187547683715820e+00,1.260208010673522949e+00,5.043149471282958984e+00
-1.415417194366455078e+00,1.320102810859680176e+00,5.282838821411132812e+00
-1.416073083877563477e+00,1.321352601051330566e+00,5.249934196472167969e+00
-1.372646450996398926e+00,1.325150132179260254e+00,5.265022277832031250e+00
-1.312660098075866699e+00,1.322137951850891113e+00,5.253054618835449219e+00
-1.144170522689819336e+00,1.313677310943603516e+00,5.219439506530761719e+00
-1.250638246536254883e+00,1.326148509979248047e+00,5.231487751007080078e+00
-1.191308856010437012e+00,1.323153257369995117e+00,5.219671726226806641e+00
-1.132246613502502441e+00,1.320171356201171875e+00,5.207908630371093750e+00
-1.439523458480834961e+00,1.285126447677612305e+00,5.033833503723144531e+00
-1.422909259796142578e+00,1.320273280143737793e+00,5.171502590179443359e+00
-1.238451242446899414e+00,1.332630157470703125e+00,5.219904422760009766e+00
-1.424844026565551758e+00,1.322737812995910645e+00,5.144797801971435547e+00
-1.275699377059936523e+00,1.341602683067321777e+00,5.218172550201416016e+00
-1.322832107543945312e+00,1.351077675819396973e+00,5.218405246734619141e+00
-1.431416749954223633e+00,1.321659445762634277e+00,5.069453239440917969e+00
-1.411921858787536621e+00,1.383777141571044922e+00,5.199762821197509766e+00
-1.372336983680725098e+00,1.381704688072204590e+00,5.191974639892578125e+00
-1.205416560173034668e+00,1.372964859008789062e+00,5.159133911132812500e+00
-1.310791254043579102e+00,1.385426998138427734e+00,5.170905113220214844e+00
-1.252012848854064941e+00,1.382333874702453613e+00,5.159360885620117188e+00
-1.418594717979431152e+00,1.381628155708312988e+00,5.122232913970947266e+00
-1.298613309860229492e+00,1.391703844070434570e+00,5.159587860107421875e+00
-1.420532941818237305e+00,1.383755445480346680e+00,5.096032619476318359e+00
-1.345217943191528320e+00,1.401074647903442383e+00,5.159815311431884766e+00
-1.412400007247924805e+00,1.440003752708435059e+00,5.099865436553955078e+00
-1.408534646034240723e+00,1.445479750633239746e+00,5.119258880615234375e+00
-1.379297971725463867e+00,1.443880558013916016e+00,5.113594532012939453e+00
